#=====================================================
# File created:        Sat-09-Mar-2024-at-06-02-09PM
# Size of lattice:     200x200
# Number of MC steps:  50
# Reduced temperature: 0.500
# Run time (s):        1.963923
#=====================================================
# MC step:  Ratio:     Energy:   Order:
#=====================================================
   00000    0.5000  -39945.4219  0.2501 
   00001    0.6819  -59399.0781  0.2536 
   00002    0.6241  -71920.6172  0.2505 
   00003    0.5865  -80747.8125  0.2518 
   00004    0.5591  -87577.7656  0.2546 
   00005    0.5342  -92960.2500  0.2541 
   00006    0.5226  -97286.4219  0.2575 
   00007    0.5142 -101221.7891  0.2563 
   00008    0.5008 -104324.7188  0.2573 
   00009    0.4954 -107056.0078  0.2585 
   00010    0.4841 -109418.5156  0.2595 
   00011    0.4761 -111525.1562  0.2610 
   00012    0.4719 -113422.6250  0.2627 
   00013    0.4671 -114748.4688  0.2632 
   00014    0.4642 -116103.0312  0.2642 
   00015    0.4560 -117221.7344  0.2646 
   00016    0.4580 -118221.3672  0.2626 
   00017    0.4536 -119201.2969  0.2609 
   00018    0.4571 -120185.6641  0.2624 
   00019    0.4465 -121017.9062  0.2636 
   00020    0.4485 -121889.8516  0.2651 
   00021    0.4423 -122394.4688  0.2655 
   00022    0.4451 -123159.8828  0.2655 
   00023    0.4430 -123695.9922  0.2663 
   00024    0.4380 -124155.7812  0.2663 
   00025    0.4358 -124760.4062  0.2665 
   00026    0.4354 -125286.7266  0.2675 
   00027    0.4365 -125530.4141  0.2655 
   00028    0.4365 -125896.9922  0.2631 
   00029    0.4354 -126207.8906  0.2639 
   00030    0.4349 -126392.6797  0.2639 
   00031    0.4335 -126645.2656  0.2654 
   00032    0.4346 -126961.2031  0.2657 
   00033    0.4333 -127100.9844  0.2654 
   00034    0.4360 -127281.9297  0.2645 
   00035    0.4341 -127613.2969  0.2646 
   00036    0.4309 -127892.1172  0.2655 
   00037    0.4302 -128144.7422  0.2657 
   00038    0.4298 -128358.1641  0.2664 
   00039    0.4306 -128619.4609  0.2666 
   00040    0.4357 -128704.1875  0.2649 
   00041    0.4290 -128818.9219  0.2651 
   00042    0.4338 -129095.1641  0.2661 
   00043    0.4261 -129731.8516  0.2660 
   00044    0.4239 -129677.6719  0.2665 
   00045    0.4225 -129777.6406  0.2670 
   00046    0.4263 -129968.3594  0.2669 
   00047    0.4281 -130089.9219  0.2681 
   00048    0.4247 -130153.8438  0.2671 
   00049    0.4240 -130306.5000  0.2667 
   00050    0.4284 -130410.0781  0.2668 
