#=====================================================
# File created:        Sat-09-Mar-2024-at-06-02-28PM
# Size of lattice:     250x250
# Number of MC steps:  50
# Reduced temperature: 0.500
# Run time (s):        3.015521
#=====================================================
# MC step:  Ratio:     Energy:   Order:
#=====================================================
   00000    0.5000  -62341.4492  0.2515 
   00001    0.6829  -92981.0859  0.2516 
   00002    0.6220 -112349.6719  0.2533 
   00003    0.5858 -126581.2969  0.2552 
   00004    0.5597 -137163.2188  0.2564 
   00005    0.5405 -145895.5000  0.2561 
   00006    0.5184 -153045.2500  0.2585 
   00007    0.5071 -158753.7188  0.2581 
   00008    0.4968 -164279.3438  0.2595 
   00009    0.4889 -168377.0000  0.2591 
   00010    0.4841 -171847.3594  0.2600 
   00011    0.4770 -174912.2031  0.2596 
   00012    0.4745 -177471.9219  0.2598 
   00013    0.4663 -179845.3594  0.2589 
   00014    0.4618 -181727.1250  0.2601 
   00015    0.4584 -183752.5625  0.2598 
   00016    0.4548 -185155.0469  0.2601 
   00017    0.4536 -186556.9531  0.2580 
   00018    0.4509 -188222.6094  0.2596 
   00019    0.4483 -189408.2031  0.2589 
   00020    0.4467 -190229.3125  0.2591 
   00021    0.4431 -191165.9844  0.2603 
   00022    0.4440 -192036.0000  0.2600 
   00023    0.4429 -192976.6562  0.2597 
   00024    0.4430 -193689.8281  0.2601 
   00025    0.4406 -194496.9844  0.2615 
   00026    0.4388 -195216.6250  0.2620 
   00027    0.4368 -195543.4688  0.2631 
   00028    0.4400 -195979.7969  0.2618 
   00029    0.4367 -196604.9844  0.2637 
   00030    0.4354 -197074.2500  0.2642 
   00031    0.4346 -197430.9531  0.2638 
   00032    0.4375 -197823.9219  0.2639 
   00033    0.4341 -198155.5938  0.2652 
   00034    0.4317 -198759.1250  0.2665 
   00035    0.4342 -198797.4062  0.2672 
   00036    0.4321 -199301.7969  0.2672 
   00037    0.4318 -199532.2344  0.2681 
   00038    0.4312 -199740.7500  0.2691 
   00039    0.4317 -200093.8906  0.2682 
   00040    0.4302 -200451.4531  0.2677 
   00041    0.4260 -200822.8438  0.2673 
   00042    0.4296 -201048.6719  0.2680 
   00043    0.4314 -201078.7656  0.2681 
   00044    0.4283 -201485.7344  0.2668 
   00045    0.4297 -201678.5938  0.2673 
   00046    0.4272 -201914.9062  0.2666 
   00047    0.4249 -202295.9062  0.2661 
   00048    0.4267 -202343.5938  0.2677 
   00049    0.4276 -202766.5625  0.2681 
   00050    0.4239 -202892.6250  0.2688 
