#=====================================================
# File created:        Sat-09-Mar-2024-at-05-41-01PM
# Size of lattice:     200x200
# Number of MC steps:  50
# Reduced temperature: 0.500
# Run time (s):        27.245399
#=====================================================
# MC step:  Ratio:     Energy:   Order:
#=====================================================
   00000    0.5000  -40419.7555  0.2565 
   00001    0.6830  -59802.4528  0.2583 
   00002    0.6259  -72332.1256  0.2603 
   00003    0.5855  -81185.8884  0.2613 
   00004    0.5560  -88250.1570  0.2580 
   00005    0.5357  -93538.1180  0.2580 
   00006    0.5221  -97594.0047  0.2588 
   00007    0.5109 -101397.2857  0.2617 
   00008    0.4950 -104526.2151  0.2648 
   00009    0.4906 -107031.7552  0.2649 
   00010    0.4800 -109301.8948  0.2633 
   00011    0.4779 -111684.2703  0.2629 
   00012    0.4673 -113488.3460  0.2624 
   00013    0.4654 -115001.8953  0.2618 
   00014    0.4642 -116247.5125  0.2626 
   00015    0.4614 -117401.7456  0.2635 
   00016    0.4546 -118570.0364  0.2643 
   00017    0.4538 -119650.8772  0.2657 
   00018    0.4558 -120441.8672  0.2667 
   00019    0.4512 -121104.7429  0.2676 
   00020    0.4456 -121675.5229  0.2690 
   00021    0.4484 -122324.8985  0.2687 
   00022    0.4475 -122837.6885  0.2687 
   00023    0.4425 -123429.1734  0.2696 
   00024    0.4444 -123944.1577  0.2706 
   00025    0.4423 -124355.7890  0.2707 
   00026    0.4420 -124914.0862  0.2699 
   00027    0.4349 -125344.6551  0.2727 
   00028    0.4356 -125688.2500  0.2731 
   00029    0.4355 -126142.7339  0.2733 
   00030    0.4335 -126556.1654  0.2735 
   00031    0.4329 -126727.4603  0.2740 
   00032    0.4352 -126993.8139  0.2736 
   00033    0.4265 -127206.6098  0.2750 
   00034    0.4304 -127488.4157  0.2746 
   00035    0.4352 -127728.5048  0.2764 
   00036    0.4353 -127981.6687  0.2748 
   00037    0.4304 -128142.9465  0.2771 
   00038    0.4315 -128197.7058  0.2776 
   00039    0.4317 -128253.9096  0.2783 
   00040    0.4310 -128556.8292  0.2787 
   00041    0.4305 -129184.2262  0.2798 
   00042    0.4313 -129299.9649  0.2820 
   00043    0.4248 -129537.5706  0.2824 
   00044    0.4235 -129592.2569  0.2826 
   00045    0.4262 -129634.4526  0.2842 
   00046    0.4290 -129959.5924  0.2851 
   00047    0.4271 -130063.2440  0.2843 
   00048    0.4280 -130140.2113  0.2856 
   00049    0.4238 -129948.9132  0.2868 
   00050    0.4281 -130036.8068  0.2878 
