#=====================================================
# File created:        Mon-11-Mar-2024-at-01-26-55PM
# Size of lattice:     50x50
# Number of MC steps:  250
# Reduced temperature: 0.500
# Run time (s):        15.117670
#=====================================================
# MC step:  Ratio:     Energy:   Order:
#=====================================================
   00000    0.5000   -2509.5352  0.2599 
   00001    0.6820   -3658.6275  0.2726 
   00002    0.6360   -4486.3606  0.2867 
   00003    0.5784   -5106.9169  0.2981 
   00004    0.5540   -5506.1864  0.3042 
   00005    0.5388   -5893.0501  0.3095 
   00006    0.5208   -6175.3881  0.3242 
   00007    0.5064   -6365.1188  0.3311 
   00008    0.5036   -6607.9703  0.3378 
   00009    0.4860   -6784.1891  0.3391 
   00010    0.4800   -6966.1777  0.3447 
   00011    0.4920   -7099.2186  0.3497 
   00012    0.4748   -7236.2919  0.3495 
   00013    0.4608   -7313.8739  0.3555 
   00014    0.4712   -7392.2863  0.3546 
   00015    0.4460   -7458.2683  0.3588 
   00016    0.4472   -7539.8263  0.3639 
   00017    0.4452   -7561.5299  0.3685 
   00018    0.4392   -7662.3366  0.3706 
   00019    0.4512   -7719.1666  0.3775 
   00020    0.4372   -7757.3996  0.3749 
   00021    0.4392   -7761.0546  0.3829 
   00022    0.4348   -7796.9560  0.3879 
   00023    0.4372   -7827.1619  0.3858 
   00024    0.4464   -7924.0900  0.3944 
   00025    0.4280   -7964.1582  0.4015 
   00026    0.4320   -8004.0440  0.4119 
   00027    0.4212   -7985.1082  0.4172 
   00028    0.4292   -7987.1078  0.4187 
   00029    0.4296   -8016.6825  0.4218 
   00030    0.4252   -8017.4737  0.4285 
   00031    0.4316   -8053.7005  0.4327 
   00032    0.4300   -8067.8256  0.4330 
   00033    0.4316   -8092.4734  0.4376 
   00034    0.4168   -8112.4085  0.4448 
   00035    0.4408   -8160.1190  0.4403 
   00036    0.4204   -8167.8867  0.4501 
   00037    0.4344   -8176.1371  0.4561 
   00038    0.4312   -8163.5907  0.4577 
   00039    0.4108   -8162.2069  0.4585 
   00040    0.4248   -8191.0201  0.4538 
   00041    0.4228   -8175.7161  0.4534 
   00042    0.4296   -8185.4782  0.4581 
   00043    0.4320   -8190.3209  0.4606 
   00044    0.4220   -8211.8404  0.4652 
   00045    0.4196   -8214.0181  0.4623 
   00046    0.4172   -8191.7260  0.4615 
   00047    0.4336   -8121.8647  0.4595 
   00048    0.4208   -8109.7949  0.4570 
   00049    0.4268   -8126.0921  0.4574 
   00050    0.4312   -8145.5057  0.4579 
   00051    0.4340   -8159.3461  0.4644 
   00052    0.4084   -8159.0108  0.4649 
   00053    0.4280   -8240.1898  0.4661 
   00054    0.4312   -8193.0082  0.4632 
   00055    0.4156   -8208.8251  0.4660 
   00056    0.4384   -8249.0639  0.4622 
   00057    0.4136   -8265.6899  0.4675 
   00058    0.4064   -8272.2013  0.4623 
   00059    0.4292   -8329.7197  0.4621 
   00060    0.4128   -8311.1345  0.4734 
   00061    0.4128   -8291.8447  0.4744 
   00062    0.4168   -8267.8201  0.4795 
   00063    0.4072   -8264.5640  0.4769 
   00064    0.4256   -8206.7814  0.4735 
   00065    0.4168   -8237.8454  0.4763 
   00066    0.4348   -8233.3650  0.4810 
   00067    0.4056   -8233.8974  0.4733 
   00068    0.4268   -8253.0627  0.4698 
   00069    0.4152   -8250.8516  0.4714 
   00070    0.4372   -8298.0719  0.4677 
   00071    0.4100   -8301.4055  0.4670 
   00072    0.4288   -8310.8791  0.4705 
   00073    0.4156   -8247.9075  0.4680 
   00074    0.4304   -8261.5554  0.4716 
   00075    0.4092   -8229.7119  0.4724 
   00076    0.4176   -8247.7713  0.4714 
   00077    0.4168   -8278.5782  0.4789 
   00078    0.4052   -8288.5698  0.4855 
   00079    0.4040   -8307.9076  0.4820 
   00080    0.4232   -8291.6591  0.4801 
   00081    0.4212   -8289.8687  0.4785 
   00082    0.3876   -8250.1370  0.4773 
   00083    0.4060   -8236.7569  0.4811 
   00084    0.4084   -8174.0456  0.4831 
   00085    0.4200   -8232.8776  0.4869 
   00086    0.4180   -8291.4440  0.4824 
   00087    0.4172   -8314.9203  0.4830 
   00088    0.4064   -8298.1688  0.4806 
   00089    0.4132   -8323.8490  0.4755 
   00090    0.4324   -8328.1314  0.4815 
   00091    0.4096   -8328.0901  0.4800 
   00092    0.4104   -8361.2648  0.4841 
   00093    0.4304   -8298.6509  0.4842 
   00094    0.4264   -8273.0606  0.4869 
   00095    0.4160   -8288.0068  0.4862 
   00096    0.4120   -8298.7169  0.4884 
   00097    0.4236   -8288.9302  0.4889 
   00098    0.4220   -8287.5932  0.4901 
   00099    0.4100   -8317.0430  0.4952 
   00100    0.4236   -8353.7485  0.4971 
   00101    0.4092   -8376.6540  0.4980 
   00102    0.4312   -8334.7831  0.4971 
   00103    0.4308   -8332.9284  0.4942 
   00104    0.4108   -8339.6354  0.4893 
   00105    0.4088   -8351.6201  0.4874 
   00106    0.4168   -8355.6436  0.4891 
   00107    0.4308   -8352.8160  0.4891 
   00108    0.4164   -8336.0857  0.4857 
   00109    0.4212   -8339.5218  0.4866 
   00110    0.4184   -8335.3610  0.4872 
   00111    0.4188   -8382.0026  0.4877 
   00112    0.4052   -8373.1350  0.4854 
   00113    0.4168   -8375.1138  0.4874 
   00114    0.4060   -8346.0003  0.4929 
   00115    0.4128   -8329.9013  0.4959 
   00116    0.4248   -8318.1983  0.4964 
   00117    0.4236   -8316.5747  0.4951 
   00118    0.4292   -8307.2291  0.4944 
   00119    0.4072   -8338.3287  0.4931 
   00120    0.4200   -8320.7917  0.4957 
   00121    0.4108   -8324.4924  0.4896 
   00122    0.4104   -8331.8994  0.4808 
   00123    0.4076   -8364.7135  0.4832 
   00124    0.4232   -8330.3247  0.4815 
   00125    0.4220   -8250.5886  0.4854 
   00126    0.4156   -8228.9176  0.4842 
   00127    0.4192   -8246.1886  0.4871 
   00128    0.4176   -8266.6997  0.4901 
   00129    0.3972   -8304.7596  0.4970 
   00130    0.4244   -8269.4736  0.5050 
   00131    0.4296   -8283.3188  0.5031 
   00132    0.4100   -8295.8474  0.5062 
   00133    0.4044   -8321.6097  0.5035 
   00134    0.4164   -8353.9071  0.5033 
   00135    0.4244   -8348.9686  0.5073 
   00136    0.4284   -8332.1857  0.5081 
   00137    0.3884   -8365.5661  0.5160 
   00138    0.4016   -8312.0816  0.5117 
   00139    0.4256   -8311.5305  0.5130 
   00140    0.4140   -8329.4724  0.5121 
   00141    0.4096   -8320.9452  0.5102 
   00142    0.4248   -8334.3887  0.5123 
   00143    0.4152   -8308.3753  0.5113 
   00144    0.4256   -8302.3291  0.5104 
   00145    0.4008   -8318.2282  0.5117 
   00146    0.4180   -8359.6241  0.5122 
   00147    0.4216   -8396.5624  0.5109 
   00148    0.4200   -8377.6722  0.5109 
   00149    0.4096   -8432.3916  0.5015 
   00150    0.4092   -8403.2266  0.4982 
   00151    0.4020   -8393.6653  0.5048 
   00152    0.4192   -8353.5838  0.4986 
   00153    0.4120   -8356.7784  0.5083 
   00154    0.4108   -8346.3631  0.5056 
   00155    0.4188   -8355.4093  0.5112 
   00156    0.4140   -8339.1137  0.5093 
   00157    0.4204   -8339.7066  0.5074 
   00158    0.4208   -8342.2297  0.4982 
   00159    0.4192   -8323.0116  0.4985 
   00160    0.4060   -8312.2731  0.4978 
   00161    0.4264   -8256.0567  0.4989 
   00162    0.4248   -8288.9124  0.4975 
   00163    0.4212   -8356.4721  0.5005 
   00164    0.4132   -8365.9310  0.5026 
   00165    0.4160   -8315.3144  0.4992 
   00166    0.4280   -8268.3502  0.4961 
   00167    0.4312   -8237.7383  0.4959 
   00168    0.4236   -8234.6831  0.4940 
   00169    0.3988   -8298.6176  0.4926 
   00170    0.4196   -8336.4379  0.4907 
   00171    0.4128   -8349.0104  0.4925 
   00172    0.4204   -8372.7773  0.4900 
   00173    0.4168   -8343.5805  0.4935 
   00174    0.3796   -8354.3142  0.5008 
   00175    0.4196   -8330.8282  0.5058 
   00176    0.4120   -8318.3771  0.5122 
   00177    0.4180   -8333.5816  0.5139 
   00178    0.4176   -8328.0423  0.5216 
   00179    0.4096   -8339.7456  0.5236 
   00180    0.4112   -8362.1549  0.5254 
   00181    0.4172   -8407.3198  0.5285 
   00182    0.4328   -8411.3159  0.5288 
   00183    0.4288   -8413.9068  0.5301 
   00184    0.4084   -8336.1215  0.5340 
   00185    0.4160   -8345.9113  0.5285 
   00186    0.4172   -8330.4101  0.5305 
   00187    0.4168   -8361.3778  0.5228 
   00188    0.4284   -8423.0454  0.5237 
   00189    0.4044   -8415.5148  0.5321 
   00190    0.4164   -8385.7048  0.5279 
   00191    0.4064   -8349.1880  0.5297 
   00192    0.4284   -8364.2157  0.5228 
   00193    0.4104   -8373.4118  0.5241 
   00194    0.4128   -8434.9442  0.5252 
   00195    0.3908   -8360.5462  0.5274 
   00196    0.4212   -8343.4546  0.5226 
   00197    0.4176   -8354.1779  0.5279 
   00198    0.4232   -8356.6983  0.5271 
   00199    0.4048   -8368.9097  0.5335 
   00200    0.4204   -8348.7354  0.5251 
   00201    0.4188   -8381.8161  0.5216 
   00202    0.4264   -8353.3600  0.5209 
   00203    0.4248   -8345.3191  0.5178 
   00204    0.4256   -8335.9997  0.5213 
   00205    0.4008   -8362.4300  0.5266 
   00206    0.4288   -8320.9774  0.5164 
   00207    0.4340   -8339.5240  0.5174 
   00208    0.4164   -8377.5347  0.5220 
   00209    0.4456   -8363.9528  0.5184 
   00210    0.4236   -8396.5660  0.5239 
   00211    0.4124   -8430.7088  0.5318 
   00212    0.3968   -8421.8630  0.5340 
   00213    0.4208   -8484.5143  0.5312 
   00214    0.4124   -8454.8881  0.5326 
   00215    0.4268   -8482.3598  0.5365 
   00216    0.3772   -8454.6237  0.5314 
   00217    0.4320   -8453.3727  0.5304 
   00218    0.4220   -8462.3328  0.5328 
   00219    0.4168   -8444.7610  0.5282 
   00220    0.4248   -8410.9286  0.5260 
   00221    0.4248   -8438.1663  0.5239 
   00222    0.4160   -8451.3695  0.5238 
   00223    0.4212   -8366.5079  0.5261 
   00224    0.4116   -8384.4017  0.5309 
   00225    0.4112   -8350.3006  0.5304 
   00226    0.4284   -8356.0252  0.5404 
   00227    0.4168   -8323.1532  0.5389 
   00228    0.4204   -8350.6409  0.5427 
   00229    0.4064   -8392.6981  0.5504 
   00230    0.4144   -8345.1147  0.5527 
   00231    0.4212   -8350.9447  0.5515 
   00232    0.4256   -8344.0296  0.5512 
   00233    0.4236   -8384.0178  0.5619 
   00234    0.4000   -8360.9560  0.5654 
   00235    0.4320   -8379.4960  0.5694 
   00236    0.4160   -8324.4169  0.5727 
   00237    0.4184   -8359.4081  0.5739 
   00238    0.4272   -8374.8915  0.5752 
   00239    0.4260   -8400.0454  0.5772 
   00240    0.3988   -8406.1710  0.5777 
   00241    0.4224   -8410.2503  0.5779 
   00242    0.4300   -8372.5500  0.5768 
   00243    0.4252   -8384.7018  0.5797 
   00244    0.4188   -8388.5134  0.5768 
   00245    0.4120   -8416.3519  0.5777 
   00246    0.4228   -8399.1493  0.5827 
   00247    0.4168   -8433.6560  0.5860 
   00248    0.4120   -8461.7640  0.5940 
   00249    0.4208   -8433.0211  0.5968 
   00250    0.4216   -8435.1945  0.6034 
