#=====================================================
# File created:        Sat-09-Mar-2024-at-05-15-21PM
# Size of lattice:     250x250
# Number of MC steps:  50
# Reduced temperature: 0.500
# Run time (s):        42.463346
#=====================================================
# MC step:  Ratio:     Energy:   Order:
#=====================================================
   00000    0.5000  -62522.4116  0.2535 
   00001    0.6782  -92586.5854  0.2532 
   00002    0.6203 -112697.6271  0.2565 
   00003    0.5841 -127233.2535  0.2572 
   00004    0.5569 -138167.6499  0.2590 
   00005    0.5322 -146638.2488  0.2587 
   00006    0.5203 -153687.8564  0.2601 
   00007    0.5075 -159655.4307  0.2635 
   00008    0.4976 -164267.4261  0.2641 
   00009    0.4888 -168320.8716  0.2631 
   00010    0.4856 -171860.0437  0.2651 
   00011    0.4740 -174843.4208  0.2656 
   00012    0.4695 -177758.8459  0.2666 
   00013    0.4637 -180050.0983  0.2670 
   00014    0.4623 -182352.5938  0.2693 
   00015    0.4550 -184186.6294  0.2697 
   00016    0.4552 -185577.5847  0.2698 
   00017    0.4520 -186813.7785  0.2705 
   00018    0.4539 -188111.8703  0.2707 
   00019    0.4504 -189515.3090  0.2719 
   00020    0.4443 -190805.7953  0.2723 
   00021    0.4477 -191953.4772  0.2730 
   00022    0.4458 -192424.1123  0.2736 
   00023    0.4404 -193306.7851  0.2748 
   00024    0.4412 -194140.6642  0.2740 
   00025    0.4387 -195002.1127  0.2742 
   00026    0.4389 -195594.7831  0.2749 
   00027    0.4367 -195938.0922  0.2761 
   00028    0.4321 -196813.3400  0.2759 
   00029    0.4353 -197142.4025  0.2755 
   00030    0.4346 -197618.5431  0.2762 
   00031    0.4325 -198075.6538  0.2773 
   00032    0.4359 -198452.0193  0.2760 
   00033    0.4299 -198944.9617  0.2763 
   00034    0.4308 -199403.5909  0.2767 
   00035    0.4326 -199745.0182  0.2771 
   00036    0.4297 -200075.8203  0.2774 
   00037    0.4297 -200443.2088  0.2787 
   00038    0.4303 -200595.7198  0.2793 
   00039    0.4319 -201003.5170  0.2796 
   00040    0.4327 -201331.3978  0.2796 
   00041    0.4260 -201524.3741  0.2800 
   00042    0.4240 -201740.5895  0.2791 
   00043    0.4276 -201967.4938  0.2794 
   00044    0.4287 -202317.8877  0.2774 
   00045    0.4267 -202285.3871  0.2771 
   00046    0.4270 -202523.5555  0.2772 
   00047    0.4298 -202625.8465  0.2769 
   00048    0.4235 -202876.7865  0.2774 
   00049    0.4240 -202980.3397  0.2782 
   00050    0.4245 -203299.2275  0.2803 
