#=====================================================
# File created:        Sat-09-Mar-2024-at-05-18-42PM
# Size of lattice:     500x500
# Number of MC steps:  50
# Reduced temperature: 0.500
# Run time (s):        175.485236
#=====================================================
# MC step:  Ratio:     Energy:   Order:
#=====================================================
   00000    0.5000 -249688.1705  0.2519 
   00001    0.6789 -372611.1983  0.2519 
   00002    0.6223 -451323.8841  0.2523 
   00003    0.5851 -506761.4356  0.2525 
   00004    0.5590 -549842.5742  0.2535 
   00005    0.5378 -584074.0567  0.2527 
   00006    0.5226 -611865.6995  0.2532 
   00007    0.5087 -635315.0176  0.2536 
   00008    0.4978 -655029.1607  0.2544 
   00009    0.4880 -671918.6044  0.2542 
   00010    0.4860 -686388.2625  0.2544 
   00011    0.4774 -698377.9844  0.2538 
   00012    0.4732 -709144.0584  0.2539 
   00013    0.4671 -718570.9248  0.2548 
   00014    0.4649 -726551.4103  0.2544 
   00015    0.4604 -733841.7117  0.2543 
   00016    0.4576 -740255.9709  0.2537 
   00017    0.4555 -745979.9282  0.2536 
   00018    0.4513 -750977.3715  0.2538 
   00019    0.4483 -756134.8507  0.2542 
   00020    0.4476 -759646.6056  0.2541 
   00021    0.4465 -763898.8382  0.2542 
   00022    0.4458 -767082.5680  0.2540 
   00023    0.4430 -770601.4883  0.2539 
   00024    0.4408 -774121.4129  0.2532 
   00025    0.4386 -776487.3376  0.2529 
   00026    0.4387 -779319.7684  0.2527 
   00027    0.4383 -781766.5238  0.2528 
   00028    0.4375 -784115.0278  0.2530 
   00029    0.4364 -786003.4600  0.2527 
   00030    0.4347 -788333.7314  0.2520 
   00031    0.4332 -790016.2000  0.2520 
   00032    0.4331 -791695.5452  0.2524 
   00033    0.4333 -793193.6567  0.2521 
   00034    0.4337 -794944.0778  0.2523 
   00035    0.4327 -796534.8277  0.2523 
   00036    0.4305 -797752.8431  0.2520 
   00037    0.4311 -798977.8276  0.2523 
   00038    0.4300 -799973.2523  0.2526 
   00039    0.4306 -801206.9586  0.2522 
   00040    0.4310 -802379.9714  0.2518 
   00041    0.4287 -803407.4951  0.2515 
   00042    0.4262 -804518.0387  0.2516 
   00043    0.4269 -805688.1594  0.2518 
   00044    0.4276 -807061.5675  0.2518 
   00045    0.4290 -808130.7379  0.2522 
   00046    0.4269 -808973.1595  0.2525 
   00047    0.4295 -810193.9241  0.2535 
   00048    0.4260 -810777.3864  0.2536 
   00049    0.4263 -811258.8546  0.2541 
   00050    0.4243 -811753.0882  0.2549 
