#=====================================================
# File created:        Mon-11-Mar-2024-at-05-04-19PM
# Size of lattice:     250x250
# Number of MC steps:  50
# Reduced temperature: 0.500
# Run time (s):        30.403700
#=====================================================
# MC step:  Ratio:     Energy:   Order:
#=====================================================
   00000    0.5000  -62781.0770  0.2517 
   00001    0.6798  -92896.2034  0.2518 
   00002    0.6216 -112979.3544  0.2511 
   00003    0.5852 -127227.4780  0.2520 
   00004    0.5588 -137772.5989  0.2531 
   00005    0.5369 -146318.7820  0.2532 
   00006    0.5199 -153438.0035  0.2538 
   00007    0.5088 -159119.5755  0.2540 
   00008    0.4981 -164109.7100  0.2537 
   00009    0.4865 -168452.0388  0.2517 
   00010    0.4792 -172150.9740  0.2516 
   00011    0.4778 -174937.0180  0.2526 
   00012    0.4720 -177050.0457  0.2535 
   00013    0.4660 -179580.1099  0.2542 
   00014    0.4634 -181744.0561  0.2551 
   00015    0.4585 -183665.0481  0.2558 
   00016    0.4571 -185358.0413  0.2554 
   00017    0.4530 -187006.7779  0.2557 
   00018    0.4555 -188052.2986  0.2558 
   00019    0.4483 -189311.8863  0.2551 
   00020    0.4460 -190429.6174  0.2558 
   00021    0.4457 -191319.9316  0.2556 
   00022    0.4391 -192253.0432  0.2560 
   00023    0.4432 -193021.0455  0.2568 
   00024    0.4433 -193640.2518  0.2555 
   00025    0.4400 -194216.8673  0.2566 
   00026    0.4394 -194833.2625  0.2568 
   00027    0.4358 -195466.3546  0.2560 
   00028    0.4372 -196134.1995  0.2556 
   00029    0.4367 -196340.4014  0.2559 
   00030    0.4344 -196779.1642  0.2562 
   00031    0.4371 -197247.5575  0.2569 
   00032    0.4358 -197942.0527  0.2580 
   00033    0.4327 -198447.4082  0.2571 
   00034    0.4323 -198556.6593  0.2571 
   00035    0.4329 -198971.7024  0.2575 
   00036    0.4337 -199478.5044  0.2570 
   00037    0.4333 -199791.0000  0.2564 
   00038    0.4328 -200055.4594  0.2559 
   00039    0.4292 -200338.6490  0.2561 
   00040    0.4308 -200664.4854  0.2565 
   00041    0.4234 -200820.9580  0.2560 
   00042    0.4346 -201250.4388  0.2568 
   00043    0.4260 -201340.8191  0.2562 
   00044    0.4288 -201699.2346  0.2575 
   00045    0.4245 -201974.6514  0.2566 
   00046    0.4298 -201972.1958  0.2550 
   00047    0.4290 -202346.9607  0.2545 
   00048    0.4282 -202491.1080  0.2552 
   00049    0.4247 -202670.4768  0.2552 
   00050    0.4206 -202577.8760  0.2546 
