#=====================================================
# File created:        Sat-09-Mar-2024-at-05-33-44PM
# Size of lattice:     200x200
# Number of MC steps:  50
# Reduced temperature: 0.500
# Run time (s):        27.781995
#=====================================================
# MC step:  Ratio:     Energy:   Order:
#=====================================================
   00000    0.5000  -40526.2682  0.2525 
   00001    0.6805  -59974.4819  0.2510 
   00002    0.6213  -72498.1411  0.2513 
   00003    0.5843  -81646.4331  0.2541 
   00004    0.5557  -88395.6114  0.2547 
   00005    0.5385  -93719.7700  0.2545 
   00006    0.5217  -98265.1852  0.2572 
   00007    0.5073 -101864.5439  0.2582 
   00008    0.4980 -105134.0299  0.2572 
   00009    0.4887 -107756.6965  0.2596 
   00010    0.4834 -109857.9181  0.2600 
   00011    0.4785 -111664.7399  0.2613 
   00012    0.4715 -113388.7804  0.2628 
   00013    0.4657 -114922.6293  0.2621 
   00014    0.4694 -116262.5395  0.2640 
   00015    0.4636 -117397.7342  0.2652 
   00016    0.4567 -118622.1154  0.2657 
   00017    0.4558 -119408.1522  0.2660 
   00018    0.4506 -120437.9530  0.2658 
   00019    0.4508 -121096.3973  0.2656 
   00020    0.4456 -121567.0558  0.2648 
   00021    0.4469 -122089.2151  0.2670 
   00022    0.4467 -122654.3875  0.2666 
   00023    0.4445 -123468.5630  0.2669 
   00024    0.4444 -124068.5762  0.2660 
   00025    0.4401 -124703.0762  0.2667 
   00026    0.4356 -125042.0411  0.2663 
   00027    0.4381 -125283.5076  0.2650 
   00028    0.4342 -125658.5415  0.2658 
   00029    0.4364 -125980.9252  0.2684 
   00030    0.4396 -126312.7595  0.2681 
   00031    0.4340 -126568.5500  0.2668 
   00032    0.4303 -126909.2486  0.2669 
   00033    0.4360 -127404.1177  0.2667 
   00034    0.4298 -127551.9497  0.2669 
   00035    0.4339 -127785.5984  0.2682 
   00036    0.4343 -127880.7557  0.2687 
   00037    0.4324 -127971.2875  0.2676 
   00038    0.4307 -128151.4603  0.2681 
   00039    0.4309 -128364.6928  0.2671 
   00040    0.4298 -128555.1188  0.2657 
   00041    0.4304 -128704.5777  0.2675 
   00042    0.4283 -129043.2848  0.2689 
   00043    0.4226 -129023.2415  0.2690 
   00044    0.4299 -129097.8869  0.2689 
   00045    0.4281 -129307.1531  0.2688 
   00046    0.4244 -129298.6797  0.2684 
   00047    0.4271 -129249.1034  0.2672 
   00048    0.4265 -129603.2878  0.2666 
   00049    0.4258 -129799.6059  0.2666 
   00050    0.4242 -130017.1251  0.2678 
