#=====================================================
# File created:        Mon-11-Mar-2024-at-02-33-12PM
# Size of lattice:     50x50
# Number of MC steps:  200
# Reduced temperature: 0.500
# Run time (s):        12.293662
#=====================================================
# MC step:  Ratio:     Energy:   Order:
#=====================================================
   00000    0.5000   -2489.6048  0.2585 
   00001    0.6676   -3601.7636  0.2602 
   00002    0.6192   -4458.8312  0.2636 
   00003    0.5744   -4996.8582  0.2719 
   00004    0.5464   -5487.2948  0.2729 
   00005    0.5484   -5840.8407  0.2766 
   00006    0.5216   -6123.2271  0.2748 
   00007    0.5112   -6320.4581  0.2775 
   00008    0.5192   -6512.9578  0.2744 
   00009    0.5172   -6764.8865  0.2822 
   00010    0.4820   -6952.1098  0.2830 
   00011    0.4728   -7069.4618  0.2821 
   00012    0.4860   -7154.7469  0.2797 
   00013    0.4556   -7196.0580  0.2826 
   00014    0.4736   -7249.6655  0.2846 
   00015    0.4640   -7329.0632  0.2859 
   00016    0.4580   -7426.5038  0.2897 
   00017    0.4560   -7483.4731  0.2969 
   00018    0.4616   -7475.7188  0.2921 
   00019    0.4520   -7556.4093  0.2951 
   00020    0.4524   -7560.8164  0.3001 
   00021    0.4424   -7637.5687  0.3050 
   00022    0.4536   -7646.4705  0.3050 
   00023    0.4572   -7663.6033  0.3028 
   00024    0.4420   -7633.4784  0.2996 
   00025    0.4408   -7670.7830  0.2967 
   00026    0.4492   -7689.5201  0.2942 
   00027    0.4512   -7668.9618  0.2918 
   00028    0.4628   -7670.4527  0.2993 
   00029    0.4436   -7769.9318  0.2986 
   00030    0.4344   -7764.5189  0.2934 
   00031    0.4396   -7783.9622  0.2898 
   00032    0.4280   -7811.9774  0.2931 
   00033    0.4528   -7805.4545  0.2983 
   00034    0.4404   -7848.5641  0.3047 
   00035    0.4364   -7821.3461  0.3098 
   00036    0.4424   -7812.8770  0.3037 
   00037    0.4368   -7837.6131  0.3011 
   00038    0.4228   -7842.3554  0.2934 
   00039    0.4292   -7870.4490  0.2930 
   00040    0.4168   -7882.1356  0.2956 
   00041    0.4228   -7956.9375  0.2944 
   00042    0.4256   -7977.3134  0.2986 
   00043    0.4256   -8052.4677  0.3072 
   00044    0.4316   -8045.9846  0.3036 
   00045    0.4396   -8069.9371  0.3025 
   00046    0.4320   -8103.7695  0.2957 
   00047    0.4420   -8080.2016  0.2921 
   00048    0.4156   -8101.4583  0.2995 
   00049    0.4288   -8116.5088  0.2998 
   00050    0.4216   -8121.6929  0.3007 
   00051    0.4316   -8105.4545  0.3039 
   00052    0.4268   -8161.7755  0.2982 
   00053    0.4160   -8161.1077  0.2983 
   00054    0.4228   -8140.8310  0.3008 
   00055    0.4592   -8139.8556  0.3007 
   00056    0.4380   -8159.3842  0.3008 
   00057    0.4208   -8123.9926  0.3001 
   00058    0.4244   -8103.7986  0.2983 
   00059    0.4180   -8116.7984  0.2986 
   00060    0.4392   -8101.5665  0.2984 
   00061    0.4204   -8152.5087  0.3038 
   00062    0.4296   -8107.2612  0.3089 
   00063    0.4268   -8145.6430  0.3156 
   00064    0.4248   -8089.5150  0.3120 
   00065    0.4332   -8069.2005  0.3103 
   00066    0.4400   -8078.3328  0.3011 
   00067    0.4476   -8034.9104  0.3029 
   00068    0.4244   -7985.8672  0.3052 
   00069    0.4452   -8062.0971  0.3071 
   00070    0.4328   -8104.4715  0.3055 
   00071    0.4336   -8131.1043  0.3059 
   00072    0.4380   -8161.0725  0.3124 
   00073    0.4284   -8142.0124  0.3149 
   00074    0.4116   -8108.4501  0.3098 
   00075    0.4064   -8135.3098  0.3090 
   00076    0.4000   -8164.9158  0.3103 
   00077    0.4344   -8189.8049  0.3000 
   00078    0.4216   -8208.4722  0.2967 
   00079    0.4364   -8143.0171  0.2973 
   00080    0.4340   -8146.8992  0.2938 
   00081    0.4196   -8108.8387  0.2970 
   00082    0.4312   -8134.0030  0.3055 
   00083    0.4312   -8135.8361  0.3036 
   00084    0.4432   -8207.3981  0.3078 
   00085    0.4196   -8187.7544  0.3070 
   00086    0.4132   -8201.8142  0.3058 
   00087    0.4204   -8207.8476  0.3108 
   00088    0.4360   -8226.1070  0.3161 
   00089    0.4088   -8197.1109  0.3168 
   00090    0.4156   -8213.2885  0.3090 
   00091    0.4240   -8218.7352  0.3173 
   00092    0.4412   -8219.5658  0.3159 
   00093    0.4336   -8212.1894  0.3084 
   00094    0.4120   -8259.1028  0.3059 
   00095    0.4120   -8256.7687  0.3056 
   00096    0.4052   -8270.4716  0.3063 
   00097    0.4132   -8264.1510  0.3096 
   00098    0.4240   -8265.0987  0.3088 
   00099    0.4356   -8315.4937  0.3072 
   00100    0.4188   -8263.7143  0.3128 
   00101    0.4348   -8279.0243  0.3110 
   00102    0.4192   -8275.4320  0.3112 
   00103    0.4144   -8270.3911  0.3163 
   00104    0.4080   -8262.0057  0.3129 
   00105    0.4092   -8248.6786  0.3176 
   00106    0.4108   -8244.2944  0.3145 
   00107    0.4164   -8293.3656  0.3185 
   00108    0.4248   -8274.4033  0.3167 
   00109    0.4240   -8289.1780  0.3130 
   00110    0.4284   -8286.7854  0.3130 
   00111    0.4176   -8297.4790  0.3026 
   00112    0.4236   -8307.3592  0.3003 
   00113    0.4256   -8284.8430  0.2971 
   00114    0.4192   -8293.7995  0.3007 
   00115    0.4328   -8273.5856  0.3015 
   00116    0.4216   -8269.1235  0.3051 
   00117    0.4180   -8282.3027  0.3033 
   00118    0.4028   -8299.2662  0.3020 
   00119    0.4184   -8214.5969  0.2967 
   00120    0.4176   -8249.7261  0.2983 
   00121    0.4128   -8247.1224  0.2955 
   00122    0.3988   -8277.9680  0.2928 
   00123    0.3984   -8298.2527  0.2903 
   00124    0.4096   -8331.5966  0.2885 
   00125    0.4212   -8332.5038  0.2953 
   00126    0.4252   -8310.2580  0.2937 
   00127    0.4196   -8311.0471  0.2849 
   00128    0.4156   -8311.6271  0.2872 
   00129    0.4164   -8332.1343  0.2849 
   00130    0.4020   -8344.5375  0.2859 
   00131    0.4168   -8333.6908  0.2871 
   00132    0.4064   -8351.5532  0.2892 
   00133    0.4196   -8328.2034  0.2938 
   00134    0.4224   -8350.1407  0.2975 
   00135    0.4212   -8309.1015  0.2979 
   00136    0.4328   -8333.0915  0.3002 
   00137    0.4212   -8301.6437  0.3007 
   00138    0.4096   -8368.7708  0.2943 
   00139    0.4120   -8330.2878  0.2896 
   00140    0.4284   -8311.6343  0.2911 
   00141    0.4252   -8360.5645  0.2992 
   00142    0.4124   -8378.3445  0.2971 
   00143    0.4056   -8327.6021  0.2929 
   00144    0.4112   -8321.4381  0.2926 
   00145    0.4164   -8390.0826  0.2919 
   00146    0.4196   -8381.1813  0.2871 
   00147    0.4144   -8322.1801  0.2914 
   00148    0.4268   -8314.1656  0.2913 
   00149    0.4200   -8305.8456  0.2931 
   00150    0.4192   -8325.5336  0.2963 
   00151    0.4240   -8344.4150  0.3012 
   00152    0.4016   -8347.6245  0.3031 
   00153    0.4316   -8366.9639  0.3004 
   00154    0.4144   -8317.1247  0.2999 
   00155    0.4168   -8333.7064  0.2989 
   00156    0.4272   -8403.9275  0.2899 
   00157    0.4192   -8382.1329  0.2901 
   00158    0.4280   -8391.1387  0.2923 
   00159    0.4264   -8358.5148  0.2953 
   00160    0.4000   -8366.3312  0.2981 
   00161    0.4304   -8357.5195  0.3022 
   00162    0.4152   -8331.4640  0.2946 
   00163    0.4172   -8345.7156  0.2975 
   00164    0.4096   -8350.3654  0.2965 
   00165    0.4192   -8339.6883  0.3064 
   00166    0.4124   -8382.6366  0.3021 
   00167    0.4292   -8379.9496  0.3064 
   00168    0.4140   -8403.0585  0.3027 
   00169    0.4100   -8413.3775  0.3028 
   00170    0.4084   -8370.9264  0.2951 
   00171    0.4112   -8323.6497  0.2981 
   00172    0.4184   -8335.3908  0.3021 
   00173    0.4232   -8318.2293  0.3001 
   00174    0.4196   -8357.5317  0.2972 
   00175    0.4224   -8317.7406  0.3010 
   00176    0.4292   -8327.4875  0.3020 
   00177    0.4184   -8331.4325  0.3060 
   00178    0.4104   -8305.8574  0.3055 
   00179    0.4188   -8284.2311  0.3010 
   00180    0.4080   -8299.3947  0.2991 
   00181    0.4020   -8309.3818  0.3044 
   00182    0.3948   -8287.7943  0.3093 
   00183    0.4336   -8277.1514  0.3099 
   00184    0.4240   -8328.8912  0.3086 
   00185    0.4252   -8329.3415  0.3073 
   00186    0.4176   -8340.7015  0.3058 
   00187    0.4140   -8352.4316  0.3114 
   00188    0.4124   -8341.4508  0.3169 
   00189    0.4308   -8291.0052  0.3098 
   00190    0.4268   -8288.9495  0.3084 
   00191    0.4328   -8287.8392  0.3061 
   00192    0.4116   -8313.3284  0.3082 
   00193    0.4228   -8329.2113  0.3057 
   00194    0.4024   -8314.8694  0.3010 
   00195    0.4116   -8312.6729  0.3015 
   00196    0.4404   -8323.7047  0.3028 
   00197    0.4124   -8327.2381  0.3073 
   00198    0.4388   -8372.9390  0.3070 
   00199    0.4212   -8381.7032  0.3024 
   00200    0.4164   -8351.4171  0.2936 
