#=====================================================
# File created:        Mon-11-Mar-2024-at-05-03-25PM
# Size of lattice:     200x200
# Number of MC steps:  50
# Reduced temperature: 0.500
# Run time (s):        19.373066
#=====================================================
# MC step:  Ratio:     Energy:   Order:
#=====================================================
   00000    0.5000  -40244.7623  0.2560 
   00001    0.6807  -59253.8189  0.2548 
   00002    0.6246  -71936.2665  0.2537 
   00003    0.5838  -80851.9761  0.2584 
   00004    0.5617  -88105.2783  0.2597 
   00005    0.5328  -93486.5797  0.2619 
   00006    0.5227  -98191.5719  0.2621 
   00007    0.5079 -101978.8532  0.2617 
   00008    0.4986 -104955.0998  0.2622 
   00009    0.4903 -107511.2823  0.2646 
   00010    0.4822 -109665.8363  0.2630 
   00011    0.4766 -111821.8086  0.2625 
   00012    0.4739 -113741.9564  0.2644 
   00013    0.4693 -115217.3285  0.2639 
   00014    0.4616 -116401.2947  0.2656 
   00015    0.4610 -117514.1506  0.2660 
   00016    0.4578 -118412.0582  0.2679 
   00017    0.4535 -119511.5097  0.2675 
   00018    0.4520 -120335.3816  0.2687 
   00019    0.4520 -121295.7498  0.2709 
   00020    0.4478 -121954.3624  0.2730 
   00021    0.4456 -122377.1061  0.2722 
   00022    0.4431 -122984.2473  0.2733 
   00023    0.4433 -123345.3625  0.2751 
   00024    0.4428 -123984.3872  0.2767 
   00025    0.4446 -124290.6756  0.2783 
   00026    0.4375 -124662.7145  0.2789 
   00027    0.4392 -125249.9571  0.2778 
   00028    0.4379 -125518.4019  0.2795 
   00029    0.4320 -125632.5949  0.2784 
   00030    0.4361 -125925.3149  0.2799 
   00031    0.4366 -126308.8862  0.2832 
   00032    0.4308 -126718.4155  0.2844 
   00033    0.4308 -126907.8681  0.2832 
   00034    0.4330 -126904.1537  0.2828 
   00035    0.4377 -127238.7979  0.2845 
   00036    0.4280 -127465.1492  0.2844 
   00037    0.4270 -127625.2568  0.2846 
   00038    0.4380 -127643.9718  0.2841 
   00039    0.4289 -127812.4252  0.2843 
   00040    0.4332 -128132.6035  0.2824 
   00041    0.4338 -128287.2758  0.2812 
   00042    0.4306 -128515.6226  0.2821 
   00043    0.4260 -128765.0835  0.2824 
   00044    0.4286 -128781.3965  0.2847 
   00045    0.4286 -129150.3342  0.2840 
   00046    0.4241 -129195.9744  0.2853 
   00047    0.4296 -129405.1883  0.2848 
   00048    0.4231 -129498.2279  0.2842 
   00049    0.4253 -129763.5081  0.2843 
   00050    0.4250 -129919.7156  0.2838 
