#=====================================================
# File created:        Sat-09-Mar-2024-at-05-34-51PM
# Size of lattice:     250x250
# Number of MC steps:  50
# Reduced temperature: 0.500
# Run time (s):        43.247500
#=====================================================
# MC step:  Ratio:     Energy:   Order:
#=====================================================
   00000    0.5000  -62739.3377  0.2507 
   00001    0.6818  -92536.9181  0.2509 
   00002    0.6208 -112086.7272  0.2512 
   00003    0.5874 -126460.1989  0.2505 
   00004    0.5618 -137283.7883  0.2502 
   00005    0.5371 -145933.4973  0.2516 
   00006    0.5231 -153246.0834  0.2526 
   00007    0.5079 -158999.9476  0.2519 
   00008    0.4977 -163691.2612  0.2524 
   00009    0.4944 -167707.9902  0.2517 
   00010    0.4812 -171117.5417  0.2518 
   00011    0.4789 -174350.1761  0.2534 
   00012    0.4724 -176957.3060  0.2540 
   00013    0.4695 -179514.7486  0.2537 
   00014    0.4666 -181530.1064  0.2558 
   00015    0.4606 -183334.2138  0.2566 
   00016    0.4586 -184910.0901  0.2572 
   00017    0.4515 -186418.7215  0.2581 
   00018    0.4516 -187598.9234  0.2592 
   00019    0.4517 -188706.2300  0.2597 
   00020    0.4523 -190008.0927  0.2589 
   00021    0.4487 -190993.0859  0.2583 
   00022    0.4418 -191730.4072  0.2586 
   00023    0.4452 -192645.8267  0.2579 
   00024    0.4435 -193516.1551  0.2576 
   00025    0.4411 -193960.1782  0.2569 
   00026    0.4405 -194741.0649  0.2568 
   00027    0.4380 -195288.4190  0.2580 
   00028    0.4386 -195936.1124  0.2576 
   00029    0.4360 -196429.5734  0.2568 
   00030    0.4372 -196950.5770  0.2566 
   00031    0.4364 -197341.9092  0.2558 
   00032    0.4358 -197761.6848  0.2558 
   00033    0.4316 -198050.9745  0.2554 
   00034    0.4357 -198275.7260  0.2547 
   00035    0.4318 -198730.5423  0.2550 
   00036    0.4303 -199211.2917  0.2554 
   00037    0.4318 -199715.7197  0.2539 
   00038    0.4303 -199927.0632  0.2558 
   00039    0.4276 -200369.6385  0.2579 
   00040    0.4292 -200620.0604  0.2589 
   00041    0.4313 -200930.5114  0.2582 
   00042    0.4288 -201464.9394  0.2570 
   00043    0.4226 -201721.1518  0.2559 
   00044    0.4263 -202050.7393  0.2571 
   00045    0.4260 -202294.6358  0.2568 
   00046    0.4289 -202223.1455  0.2571 
   00047    0.4262 -202314.0721  0.2580 
   00048    0.4266 -202686.6028  0.2567 
   00049    0.4271 -202934.1859  0.2568 
   00050    0.4265 -203063.8658  0.2569 
