#=====================================================
# File created:        Sat-09-Mar-2024-at-05-33-10PM
# Size of lattice:     200x200
# Number of MC steps:  50
# Reduced temperature: 0.500
# Run time (s):        27.555122
#=====================================================
# MC step:  Ratio:     Energy:   Order:
#=====================================================
   00000    0.5000  -40126.9183  0.2534 
   00001    0.6769  -59534.1065  0.2552 
   00002    0.6175  -71835.7078  0.2596 
   00003    0.5847  -80679.0913  0.2624 
   00004    0.5621  -87778.3975  0.2634 
   00005    0.5385  -93399.6364  0.2642 
   00006    0.5199  -97575.0124  0.2636 
   00007    0.5154 -101083.4411  0.2629 
   00008    0.5009 -104167.2093  0.2644 
   00009    0.4904 -106967.9468  0.2634 
   00010    0.4857 -109174.5476  0.2638 
   00011    0.4814 -111185.0439  0.2627 
   00012    0.4748 -113001.0155  0.2624 
   00013    0.4693 -114725.3330  0.2606 
   00014    0.4661 -115944.0406  0.2593 
   00015    0.4636 -117037.0654  0.2578 
   00016    0.4528 -118136.8755  0.2596 
   00017    0.4526 -119259.9570  0.2605 
   00018    0.4495 -120209.8064  0.2621 
   00019    0.4493 -121067.1194  0.2647 
   00020    0.4456 -121965.3324  0.2637 
   00021    0.4471 -122358.7960  0.2621 
   00022    0.4471 -122728.9785  0.2619 
   00023    0.4441 -123347.4383  0.2620 
   00024    0.4394 -123987.0006  0.2633 
   00025    0.4420 -124373.3951  0.2623 
   00026    0.4387 -124906.3221  0.2619 
   00027    0.4392 -125133.4481  0.2623 
   00028    0.4357 -125474.7031  0.2623 
   00029    0.4354 -125911.0503  0.2595 
   00030    0.4305 -126054.6822  0.2604 
   00031    0.4362 -126476.6431  0.2596 
   00032    0.4325 -126833.0999  0.2614 
   00033    0.4307 -127094.5953  0.2617 
   00034    0.4313 -127495.7565  0.2615 
   00035    0.4337 -127534.0372  0.2602 
   00036    0.4315 -127576.4210  0.2597 
   00037    0.4342 -127846.5534  0.2590 
   00038    0.4304 -128056.2627  0.2581 
   00039    0.4304 -128217.3616  0.2583 
   00040    0.4322 -128510.0507  0.2577 
   00041    0.4291 -128875.3990  0.2583 
   00042    0.4340 -129190.2994  0.2594 
   00043    0.4246 -129080.0944  0.2590 
   00044    0.4245 -129245.4108  0.2585 
   00045    0.4301 -129204.3047  0.2601 
   00046    0.4284 -129479.8420  0.2604 
   00047    0.4233 -129619.7579  0.2610 
   00048    0.4299 -129623.9653  0.2619 
   00049    0.4294 -129833.2383  0.2623 
   00050    0.4274 -129974.1686  0.2630 
