#=====================================================
# File created:        Mon-11-Mar-2024-at-02-32-06PM
# Size of lattice:     50x50
# Number of MC steps:  150
# Reduced temperature: 0.500
# Run time (s):        9.267412
#=====================================================
# MC step:  Ratio:     Energy:   Order:
#=====================================================
   00000    0.5000   -2433.6002  0.2580 
   00001    0.6764   -3693.5624  0.2738 
   00002    0.6224   -4498.1503  0.2818 
   00003    0.5788   -5036.4425  0.2725 
   00004    0.5504   -5510.4918  0.2765 
   00005    0.5444   -5891.5230  0.2794 
   00006    0.5196   -6113.7081  0.2926 
   00007    0.4984   -6357.1929  0.2995 
   00008    0.5040   -6546.8965  0.2995 
   00009    0.4808   -6705.6510  0.3041 
   00010    0.4928   -6908.9599  0.3140 
   00011    0.4908   -6995.8220  0.3191 
   00012    0.4640   -7120.8193  0.3208 
   00013    0.4620   -7202.7737  0.3196 
   00014    0.4772   -7337.8958  0.3168 
   00015    0.4420   -7440.6758  0.3176 
   00016    0.4708   -7471.9290  0.3142 
   00017    0.4428   -7547.3252  0.3159 
   00018    0.4476   -7592.8070  0.3095 
   00019    0.4564   -7681.6032  0.3074 
   00020    0.4584   -7716.1354  0.3107 
   00021    0.4588   -7714.9171  0.3215 
   00022    0.4256   -7746.6435  0.3264 
   00023    0.4412   -7711.6232  0.3288 
   00024    0.4476   -7751.1508  0.3296 
   00025    0.4424   -7795.9617  0.3163 
   00026    0.4288   -7779.6729  0.3312 
   00027    0.4380   -7762.4947  0.3282 
   00028    0.4608   -7868.3985  0.3291 
   00029    0.4456   -7846.8567  0.3281 
   00030    0.4428   -7894.6009  0.3231 
   00031    0.4360   -7909.9412  0.3311 
   00032    0.4328   -7908.9161  0.3261 
   00033    0.4204   -7897.5191  0.3257 
   00034    0.4356   -7881.4774  0.3212 
   00035    0.4348   -7926.8277  0.3070 
   00036    0.4296   -7920.5649  0.3079 
   00037    0.4356   -7964.4935  0.3115 
   00038    0.4376   -7982.0514  0.3113 
   00039    0.4248   -8029.7091  0.3154 
   00040    0.4252   -8037.6260  0.3238 
   00041    0.4424   -8081.7383  0.3216 
   00042    0.4160   -8106.7664  0.3239 
   00043    0.4292   -8138.7029  0.3203 
   00044    0.4300   -8078.0320  0.3166 
   00045    0.4236   -8130.3931  0.3154 
   00046    0.4272   -8135.1609  0.3149 
   00047    0.4120   -8147.8219  0.3159 
   00048    0.4292   -8176.5371  0.3162 
   00049    0.4232   -8147.4384  0.3130 
   00050    0.4220   -8124.6681  0.3183 
   00051    0.4268   -8143.6929  0.3205 
   00052    0.4244   -8136.6683  0.3212 
   00053    0.4196   -8173.9164  0.3216 
   00054    0.4276   -8171.9562  0.3254 
   00055    0.4388   -8200.9098  0.3272 
   00056    0.4164   -8203.3026  0.3314 
   00057    0.4260   -8241.5212  0.3374 
   00058    0.4200   -8286.6345  0.3399 
   00059    0.4236   -8291.3293  0.3439 
   00060    0.4184   -8256.0937  0.3470 
   00061    0.4112   -8271.0644  0.3465 
   00062    0.4176   -8355.8431  0.3373 
   00063    0.4452   -8325.0024  0.3329 
   00064    0.4156   -8331.7359  0.3383 
   00065    0.4240   -8281.9850  0.3354 
   00066    0.4324   -8314.0525  0.3302 
   00067    0.4332   -8304.8017  0.3312 
   00068    0.4044   -8302.8200  0.3375 
   00069    0.4160   -8266.2569  0.3348 
   00070    0.4140   -8233.0631  0.3325 
   00071    0.4224   -8257.2637  0.3312 
   00072    0.4296   -8259.5779  0.3328 
   00073    0.4196   -8246.1072  0.3378 
   00074    0.4120   -8243.6262  0.3400 
   00075    0.4144   -8274.6679  0.3386 
   00076    0.4196   -8296.1253  0.3401 
   00077    0.4252   -8298.2241  0.3365 
   00078    0.4204   -8274.2982  0.3301 
   00079    0.4288   -8316.4904  0.3320 
   00080    0.4208   -8267.3523  0.3233 
   00081    0.3984   -8271.2185  0.3293 
   00082    0.4136   -8263.5835  0.3326 
   00083    0.4324   -8295.0011  0.3349 
   00084    0.4140   -8279.4352  0.3410 
   00085    0.4116   -8291.0745  0.3417 
   00086    0.4172   -8307.4685  0.3358 
   00087    0.4256   -8240.8149  0.3427 
   00088    0.4248   -8225.7522  0.3458 
   00089    0.4368   -8223.0115  0.3474 
   00090    0.4096   -8268.6171  0.3449 
   00091    0.4216   -8294.5481  0.3451 
   00092    0.4292   -8290.1506  0.3354 
   00093    0.4084   -8317.3759  0.3279 
   00094    0.4068   -8318.6510  0.3269 
   00095    0.4220   -8332.0158  0.3253 
   00096    0.4136   -8328.3415  0.3265 
   00097    0.4128   -8340.5097  0.3228 
   00098    0.4348   -8366.2557  0.3285 
   00099    0.4136   -8360.1582  0.3268 
   00100    0.4160   -8346.4888  0.3248 
   00101    0.4216   -8355.7142  0.3180 
   00102    0.4224   -8356.3694  0.3208 
   00103    0.4176   -8366.2721  0.3204 
   00104    0.4116   -8390.2601  0.3207 
   00105    0.4308   -8380.9604  0.3214 
   00106    0.4096   -8340.4299  0.3212 
   00107    0.4188   -8335.4675  0.3247 
   00108    0.4024   -8339.6811  0.3227 
   00109    0.4304   -8328.3815  0.3221 
   00110    0.4076   -8322.3961  0.3207 
   00111    0.4212   -8277.2932  0.3225 
   00112    0.4228   -8286.1667  0.3152 
   00113    0.4132   -8272.7722  0.3203 
   00114    0.4252   -8297.7336  0.3236 
   00115    0.4296   -8338.8525  0.3285 
   00116    0.4140   -8297.0625  0.3263 
   00117    0.4264   -8359.1671  0.3270 
   00118    0.4280   -8356.3834  0.3210 
   00119    0.4260   -8341.2652  0.3186 
   00120    0.4100   -8364.0150  0.3186 
   00121    0.4052   -8378.3696  0.3230 
   00122    0.4100   -8402.9836  0.3262 
   00123    0.4068   -8426.5656  0.3229 
   00124    0.4104   -8401.8256  0.3169 
   00125    0.4208   -8402.1344  0.3160 
   00126    0.4108   -8354.2458  0.3199 
   00127    0.4168   -8346.3431  0.3207 
   00128    0.4256   -8348.1181  0.3155 
   00129    0.4188   -8299.8853  0.3195 
   00130    0.4036   -8324.6414  0.3200 
   00131    0.4188   -8339.9578  0.3244 
   00132    0.4340   -8357.8871  0.3245 
   00133    0.4276   -8307.6566  0.3176 
   00134    0.4228   -8361.2508  0.3235 
   00135    0.4184   -8371.2817  0.3263 
   00136    0.4232   -8347.1141  0.3176 
   00137    0.4108   -8331.8059  0.3137 
   00138    0.4220   -8329.5563  0.3142 
   00139    0.4440   -8321.4508  0.3158 
   00140    0.4160   -8355.6705  0.3256 
   00141    0.4084   -8357.9668  0.3250 
   00142    0.4140   -8411.0022  0.3270 
   00143    0.4136   -8431.9140  0.3259 
   00144    0.4148   -8439.6338  0.3275 
   00145    0.4216   -8439.3231  0.3260 
   00146    0.4200   -8446.6356  0.3263 
   00147    0.4224   -8438.4046  0.3205 
   00148    0.4176   -8469.8111  0.3192 
   00149    0.4156   -8434.9700  0.3184 
   00150    0.4248   -8422.4020  0.3162 
