#=====================================================
# File created:        Sat-09-Mar-2024-at-05-32-36PM
# Size of lattice:     200x200
# Number of MC steps:  50
# Reduced temperature: 0.500
# Run time (s):        27.511112
#=====================================================
# MC step:  Ratio:     Energy:   Order:
#=====================================================
   00000    0.5000  -40206.2762  0.2531 
   00001    0.6793  -59341.6783  0.2557 
   00002    0.6273  -71952.4449  0.2571 
   00003    0.5861  -80825.3770  0.2571 
   00004    0.5584  -88016.1239  0.2565 
   00005    0.5396  -93417.5748  0.2572 
   00006    0.5207  -97947.0266  0.2571 
   00007    0.5124 -101484.7658  0.2583 
   00008    0.4975 -104595.0485  0.2561 
   00009    0.4920 -107052.0921  0.2565 
   00010    0.4884 -109266.5262  0.2554 
   00011    0.4762 -111298.2108  0.2571 
   00012    0.4692 -113049.2902  0.2558 
   00013    0.4693 -114696.5586  0.2562 
   00014    0.4689 -115959.6094  0.2574 
   00015    0.4637 -116963.5386  0.2567 
   00016    0.4607 -117880.2305  0.2571 
   00017    0.4551 -119046.1610  0.2573 
   00018    0.4535 -119658.4066  0.2560 
   00019    0.4490 -120527.2777  0.2554 
   00020    0.4503 -121317.6218  0.2565 
   00021    0.4451 -121970.3751  0.2579 
   00022    0.4451 -122689.3765  0.2563 
   00023    0.4467 -123306.8691  0.2579 
   00024    0.4391 -123578.7835  0.2573 
   00025    0.4389 -124069.9403  0.2581 
   00026    0.4400 -124387.1847  0.2583 
   00027    0.4375 -124554.3812  0.2602 
   00028    0.4386 -125061.0441  0.2610 
   00029    0.4413 -125487.1767  0.2603 
   00030    0.4389 -125954.3316  0.2606 
   00031    0.4343 -126292.3927  0.2604 
   00032    0.4320 -126339.5338  0.2611 
   00033    0.4338 -126533.9626  0.2605 
   00034    0.4354 -127030.2978  0.2630 
   00035    0.4316 -127368.3469  0.2631 
   00036    0.4315 -127394.0147  0.2639 
   00037    0.4301 -127644.9221  0.2637 
   00038    0.4279 -127999.2881  0.2621 
   00039    0.4311 -128176.3635  0.2612 
   00040    0.4287 -128332.8658  0.2597 
   00041    0.4259 -128503.9149  0.2591 
   00042    0.4331 -128782.8418  0.2604 
   00043    0.4268 -128811.2259  0.2609 
   00044    0.4279 -128848.6381  0.2594 
   00045    0.4276 -129140.6507  0.2589 
   00046    0.4287 -129305.0864  0.2571 
   00047    0.4293 -129420.6009  0.2584 
   00048    0.4293 -129421.0981  0.2585 
   00049    0.4289 -129725.1007  0.2574 
   00050    0.4246 -129946.4542  0.2570 
