#=====================================================
# File created:        Sat-09-Mar-2024-at-05-36-14PM
# Size of lattice:     250x250
# Number of MC steps:  50
# Reduced temperature: 0.500
# Run time (s):        42.923237
#=====================================================
# MC step:  Ratio:     Energy:   Order:
#=====================================================
   00000    0.5000  -62874.6857  0.2513 
   00001    0.6757  -93165.8990  0.2520 
   00002    0.6235 -112488.6701  0.2528 
   00003    0.5860 -126474.0153  0.2536 
   00004    0.5574 -137607.2088  0.2524 
   00005    0.5373 -146086.5360  0.2540 
   00006    0.5181 -153111.1297  0.2539 
   00007    0.5054 -158817.4686  0.2551 
   00008    0.5016 -163760.5746  0.2545 
   00009    0.4862 -167812.6834  0.2551 
   00010    0.4842 -171449.9357  0.2546 
   00011    0.4801 -174386.5566  0.2560 
   00012    0.4706 -177382.8468  0.2563 
   00013    0.4641 -179592.3945  0.2561 
   00014    0.4646 -181760.7080  0.2568 
   00015    0.4569 -183659.2632  0.2581 
   00016    0.4574 -185230.3362  0.2573 
   00017    0.4579 -186678.8518  0.2573 
   00018    0.4496 -188004.6701  0.2592 
   00019    0.4468 -188998.6310  0.2595 
   00020    0.4459 -189905.2781  0.2603 
   00021    0.4443 -190974.8197  0.2604 
   00022    0.4456 -192027.1688  0.2616 
   00023    0.4429 -192692.6765  0.2612 
   00024    0.4447 -193339.0116  0.2615 
   00025    0.4431 -193880.8343  0.2621 
   00026    0.4406 -194813.0278  0.2625 
   00027    0.4392 -195478.0279  0.2632 
   00028    0.4371 -195868.4301  0.2627 
   00029    0.4381 -196299.1986  0.2630 
   00030    0.4350 -196885.1238  0.2628 
   00031    0.4346 -197423.1989  0.2639 
   00032    0.4332 -197969.0795  0.2640 
   00033    0.4339 -198451.1210  0.2651 
   00034    0.4332 -198794.6919  0.2653 
   00035    0.4343 -199096.2691  0.2654 
   00036    0.4339 -199510.9399  0.2657 
   00037    0.4308 -199832.0595  0.2629 
   00038    0.4326 -199915.5356  0.2627 
   00039    0.4322 -200316.8484  0.2637 
   00040    0.4299 -200596.7674  0.2649 
   00041    0.4302 -200931.9093  0.2661 
   00042    0.4279 -201025.4223  0.2664 
   00043    0.4275 -201309.6655  0.2678 
   00044    0.4260 -201558.0429  0.2676 
   00045    0.4293 -201736.9068  0.2663 
   00046    0.4247 -201878.5494  0.2670 
   00047    0.4260 -202015.9673  0.2658 
   00048    0.4259 -202128.1022  0.2653 
   00049    0.4253 -202465.0649  0.2655 
   00050    0.4274 -202652.1348  0.2642 
