#=====================================================
# File created:        Mon-11-Mar-2024-at-05-03-00PM
# Size of lattice:     200x200
# Number of MC steps:  50
# Reduced temperature: 0.500
# Run time (s):        19.518736
#=====================================================
# MC step:  Ratio:     Energy:   Order:
#=====================================================
   00000    0.5000  -40503.0492  0.2509 
   00001    0.6784  -59747.5211  0.2528 
   00002    0.6193  -72292.6229  0.2522 
   00003    0.5847  -81216.6192  0.2537 
   00004    0.5608  -88086.3313  0.2537 
   00005    0.5367  -93194.3924  0.2558 
   00006    0.5216  -97832.6613  0.2538 
   00007    0.5096 -101543.6450  0.2533 
   00008    0.4994 -104852.0839  0.2554 
   00009    0.4889 -107369.4682  0.2549 
   00010    0.4852 -109668.5334  0.2567 
   00011    0.4799 -111605.7656  0.2593 
   00012    0.4702 -113490.7905  0.2598 
   00013    0.4652 -114974.2618  0.2601 
   00014    0.4655 -116379.1149  0.2589 
   00015    0.4551 -117529.3422  0.2617 
   00016    0.4618 -118600.8470  0.2623 
   00017    0.4522 -119469.1901  0.2645 
   00018    0.4509 -120612.5616  0.2632 
   00019    0.4416 -121386.2454  0.2637 
   00020    0.4443 -122067.8010  0.2638 
   00021    0.4403 -122818.9342  0.2637 
   00022    0.4400 -123274.1277  0.2645 
   00023    0.4398 -123727.6458  0.2659 
   00024    0.4395 -124344.5521  0.2652 
   00025    0.4377 -124760.6466  0.2658 
   00026    0.4393 -125084.4158  0.2657 
   00027    0.4335 -125643.4722  0.2654 
   00028    0.4336 -125913.9990  0.2650 
   00029    0.4397 -126332.3878  0.2651 
   00030    0.4341 -126799.4007  0.2637 
   00031    0.4322 -127078.7968  0.2659 
   00032    0.4299 -127398.2515  0.2674 
   00033    0.4368 -127586.5592  0.2672 
   00034    0.4320 -127793.2177  0.2661 
   00035    0.4304 -127896.1896  0.2675 
   00036    0.4326 -128127.9907  0.2665 
   00037    0.4272 -128099.1481  0.2661 
   00038    0.4326 -128473.0446  0.2668 
   00039    0.4301 -128431.7658  0.2675 
   00040    0.4302 -128564.7707  0.2664 
   00041    0.4280 -128655.7448  0.2677 
   00042    0.4252 -129031.4277  0.2689 
   00043    0.4295 -129207.3221  0.2700 
   00044    0.4242 -129302.9548  0.2723 
   00045    0.4237 -129510.8399  0.2736 
   00046    0.4297 -129658.4134  0.2739 
   00047    0.4258 -129864.0692  0.2739 
   00048    0.4254 -130004.7556  0.2733 
   00049    0.4239 -130127.0304  0.2731 
   00050    0.4271 -130046.6658  0.2745 
