#=====================================================
# File created:        Mon-11-Mar-2024-at-05-02-30PM
# Size of lattice:     200x200
# Number of MC steps:  50
# Reduced temperature: 0.500
# Run time (s):        19.417620
#=====================================================
# MC step:  Ratio:     Energy:   Order:
#=====================================================
   00000    0.5000  -40253.9964  0.2524 
   00001    0.6765  -59638.3155  0.2520 
   00002    0.6209  -72168.2792  0.2508 
   00003    0.5846  -81235.9954  0.2537 
   00004    0.5554  -88064.8129  0.2545 
   00005    0.5383  -93414.7744  0.2550 
   00006    0.5171  -97826.0318  0.2554 
   00007    0.5095 -101352.7448  0.2584 
   00008    0.4979 -104747.7675  0.2563 
   00009    0.4900 -107185.9174  0.2592 
   00010    0.4855 -109571.6650  0.2592 
   00011    0.4807 -111639.3087  0.2591 
   00012    0.4735 -113474.9234  0.2623 
   00013    0.4632 -115197.4998  0.2620 
   00014    0.4632 -116385.0783  0.2618 
   00015    0.4607 -117623.4655  0.2622 
   00016    0.4540 -118539.1946  0.2625 
   00017    0.4524 -119657.8620  0.2641 
   00018    0.4516 -120544.7282  0.2642 
   00019    0.4509 -121280.7911  0.2644 
   00020    0.4455 -122063.4927  0.2636 
   00021    0.4435 -122674.1282  0.2653 
   00022    0.4443 -123082.0822  0.2651 
   00023    0.4393 -123759.2885  0.2651 
   00024    0.4448 -124246.8177  0.2663 
   00025    0.4402 -124785.2784  0.2648 
   00026    0.4334 -125058.3273  0.2646 
   00027    0.4369 -125448.7541  0.2633 
   00028    0.4354 -125758.6026  0.2615 
   00029    0.4370 -126209.5675  0.2590 
   00030    0.4334 -126370.5285  0.2580 
   00031    0.4384 -126606.4280  0.2592 
   00032    0.4328 -126925.7786  0.2586 
   00033    0.4354 -127141.6704  0.2596 
   00034    0.4280 -127108.5248  0.2601 
   00035    0.4289 -127504.3490  0.2585 
   00036    0.4325 -127716.0431  0.2600 
   00037    0.4293 -127898.4100  0.2609 
   00038    0.4301 -128210.6074  0.2603 
   00039    0.4304 -128474.8358  0.2590 
   00040    0.4268 -128603.7013  0.2600 
   00041    0.4298 -128676.1145  0.2588 
   00042    0.4264 -128836.9286  0.2599 
   00043    0.4263 -129145.8077  0.2611 
   00044    0.4273 -129028.2958  0.2591 
   00045    0.4276 -129172.9252  0.2599 
   00046    0.4264 -129257.5709  0.2604 
   00047    0.4295 -129394.8697  0.2603 
   00048    0.4249 -129628.9602  0.2604 
   00049    0.4274 -129559.1517  0.2596 
   00050    0.4221 -129740.6170  0.2575 
