#=====================================================
# File created:        Sat-09-Mar-2024-at-06-06-38PM
# Size of lattice:     200x200
# Number of MC steps:  50
# Reduced temperature: 0.500
# Run time (s):        0.617090
#=====================================================
# MC step:  Ratio:     Energy:   Order:
#=====================================================
   00000    0.5000  -40105.1953  0.2536 
   00001    0.6773  -59477.6836  0.2536 
   00002    0.6235  -72157.7109  0.2565 
   00003    0.5842  -81108.7344  0.2562 
   00004    0.5555  -88094.4922  0.2562 
   00005    0.5379  -93611.1484  0.2558 
   00006    0.5219  -98047.4766  0.2561 
   00007    0.5106 -101847.9844  0.2579 
   00008    0.4974 -104881.4766  0.2566 
   00009    0.4895 -107566.7891  0.2584 
   00010    0.4836 -109851.7500  0.2605 
   00011    0.4748 -111828.8828  0.2618 
   00012    0.4706 -113555.0859  0.2623 
   00013    0.4636 -114904.8750  0.2628 
   00014    0.4658 -116284.0938  0.2635 
   00015    0.4624 -117558.7578  0.2624 
   00016    0.4575 -118582.7969  0.2625 
   00017    0.4534 -119357.8828  0.2630 
   00018    0.4466 -120111.5859  0.2626 
   00019    0.4493 -120961.9375  0.2623 
   00020    0.4498 -121612.0547  0.2643 
   00021    0.4529 -122396.4062  0.2640 
   00022    0.4464 -122910.1953  0.2646 
   00023    0.4480 -123562.7812  0.2642 
   00024    0.4428 -123847.3984  0.2631 
   00025    0.4417 -124347.6719  0.2645 
   00026    0.4374 -124819.7656  0.2664 
   00027    0.4365 -125290.6875  0.2655 
   00028    0.4338 -125643.0859  0.2669 
   00029    0.4358 -125970.8984  0.2674 
   00030    0.4311 -126333.0312  0.2646 
   00031    0.4319 -126483.0078  0.2654 
   00032    0.4371 -126849.4062  0.2654 
   00033    0.4289 -127280.6875  0.2661 
   00034    0.4275 -127568.8594  0.2665 
   00035    0.4291 -127697.3672  0.2673 
   00036    0.4290 -128055.4844  0.2673 
   00037    0.4304 -128231.5156  0.2679 
   00038    0.4270 -128470.8672  0.2680 
   00039    0.4275 -128810.1562  0.2700 
   00040    0.4276 -128766.8203  0.2715 
   00041    0.4277 -128903.2969  0.2713 
   00042    0.4282 -129030.8203  0.2736 
   00043    0.4326 -129294.9219  0.2747 
   00044    0.4245 -129444.2109  0.2746 
   00045    0.4255 -129460.2344  0.2763 
   00046    0.4271 -129552.2422  0.2756 
   00047    0.4252 -129866.9609  0.2760 
   00048    0.4277 -130003.6484  0.2762 
   00049    0.4266 -130063.0078  0.2763 
   00050    0.4299 -130265.6094  0.2760 
