#=====================================================
# File created:        Mon-11-Mar-2024-at-05-23-12PM
# Size of lattice:     250x250
# Number of MC steps:  50
# Reduced temperature: 0.500
# Run time (s):        8.137734
#=====================================================
# MC step:  Ratio:     Energy:   Order:
#=====================================================
   00000    0.5000  -61537.0178  0.2509 
   00001    0.6813  -92189.5200  0.2515 
   00002    0.6224 -112112.5225  0.2529 
   00003    0.5882 -126166.3522  0.2518 
   00004    0.5584 -136909.7272  0.2513 
   00005    0.5380 -145522.9668  0.2516 
   00006    0.5228 -152483.2936  0.2520 
   00007    0.5134 -158243.4750  0.2509 
   00008    0.4990 -162916.6393  0.2535 
   00009    0.4928 -167382.9364  0.2522 
   00010    0.4828 -171089.2168  0.2530 
   00011    0.4765 -174341.3226  0.2532 
   00012    0.4744 -177163.5730  0.2516 
   00013    0.4683 -179353.0574  0.2517 
   00014    0.4649 -181490.5232  0.2524 
   00015    0.4561 -183655.3516  0.2531 
   00016    0.4572 -185415.7133  0.2541 
   00017    0.4529 -186799.7653  0.2534 
   00018    0.4523 -188280.1806  0.2523 
   00019    0.4500 -189330.9691  0.2524 
   00020    0.4516 -190347.8097  0.2525 
   00021    0.4442 -191260.2558  0.2536 
   00022    0.4457 -192002.8242  0.2536 
   00023    0.4441 -193022.9588  0.2542 
   00024    0.4405 -193983.4836  0.2548 
   00025    0.4368 -194848.1900  0.2547 
   00026    0.4392 -195475.9988  0.2560 
   00027    0.4357 -195649.3757  0.2565 
   00028    0.4347 -196189.2701  0.2580 
   00029    0.4370 -196719.0536  0.2584 
   00030    0.4338 -197281.1778  0.2595 
   00031    0.4337 -197439.0778  0.2594 
   00032    0.4321 -197864.5018  0.2600 
   00033    0.4321 -198513.8211  0.2609 
   00034    0.4331 -198765.7939  0.2610 
   00035    0.4303 -198975.1757  0.2600 
   00036    0.4294 -199068.2515  0.2603 
   00037    0.4284 -199663.8111  0.2607 
   00038    0.4332 -199899.7456  0.2597 
   00039    0.4327 -200370.4260  0.2593 
   00040    0.4267 -200861.9928  0.2584 
   00041    0.4259 -201198.7493  0.2594 
   00042    0.4274 -201335.6627  0.2601 
   00043    0.4303 -201498.0711  0.2593 
   00044    0.4285 -201672.8489  0.2581 
   00045    0.4275 -201823.9455  0.2584 
   00046    0.4259 -202280.2045  0.2591 
   00047    0.4261 -202342.3903  0.2581 
   00048    0.4262 -202427.0123  0.2581 
   00049    0.4258 -202647.2211  0.2577 
   00050    0.4230 -203036.8392  0.2577 
