#=====================================================
# File created:        Sat-09-Mar-2024-at-07-16-27PM
# Size of lattice:     200x200
# Number of MC steps:  50
# Reduced temperature: 0.500
# Run time (s):        24.869822
#=====================================================
# MC step:  Ratio:     Energy:   Order:
#=====================================================
   00000    0.5000  -39796.5687  0.2564 
   00001    0.6823  -59456.1369  0.2584 
   00002    0.6247  -71817.3114  0.2612 
   00003    0.5887  -80974.5550  0.2576 
   00004    0.5578  -87897.3489  0.2601 
   00005    0.5372  -93373.4742  0.2608 
   00006    0.5187  -97921.5769  0.2606 
   00007    0.5098 -101490.4296  0.2604 
   00008    0.5015 -104696.2827  0.2610 
   00009    0.4908 -107772.2318  0.2597 
   00010    0.4796 -109872.0210  0.2625 
   00011    0.4777 -111857.2367  0.2623 
   00012    0.4745 -113501.7664  0.2641 
   00013    0.4723 -115040.1584  0.2653 
   00014    0.4630 -116414.8889  0.2650 
   00015    0.4569 -117483.6183  0.2644 
   00016    0.4533 -118625.3189  0.2663 
   00017    0.4534 -119616.7055  0.2675 
   00018    0.4495 -120454.6771  0.2671 
   00019    0.4518 -121243.5239  0.2707 
   00020    0.4494 -122071.5834  0.2719 
   00021    0.4451 -122721.8488  0.2714 
   00022    0.4405 -123349.2538  0.2714 
   00023    0.4358 -124015.7385  0.2717 
   00024    0.4430 -124596.2235  0.2722 
   00025    0.4385 -125064.1012  0.2730 
   00026    0.4339 -125390.4395  0.2732 
   00027    0.4374 -125733.0657  0.2743 
   00028    0.4357 -126065.8567  0.2754 
   00029    0.4353 -126401.0024  0.2756 
   00030    0.4344 -126658.2245  0.2762 
   00031    0.4301 -127219.7556  0.2768 
   00032    0.4341 -127449.2509  0.2768 
   00033    0.4359 -127770.8698  0.2748 
   00034    0.4304 -127825.7211  0.2748 
   00035    0.4320 -128118.3184  0.2767 
   00036    0.4302 -128187.2457  0.2783 
   00037    0.4282 -128336.1883  0.2792 
   00038    0.4290 -128558.0999  0.2804 
   00039    0.4338 -128845.4093  0.2807 
   00040    0.4305 -129050.0769  0.2809 
   00041    0.4274 -129101.1312  0.2815 
   00042    0.4292 -129260.6994  0.2815 
   00043    0.4266 -129361.6877  0.2826 
   00044    0.4264 -129628.4892  0.2828 
   00045    0.4278 -129654.8669  0.2831 
   00046    0.4239 -129849.4531  0.2837 
   00047    0.4272 -129985.6402  0.2824 
   00048    0.4251 -130321.7900  0.2833 
   00049    0.4244 -130341.1412  0.2819 
   00050    0.4236 -130527.5473  0.2836 
