#=====================================================
# File created:        Mon-11-Mar-2024-at-05-22-28PM
# Size of lattice:     250x250
# Number of MC steps:  50
# Reduced temperature: 0.500
# Run time (s):        8.179061
#=====================================================
# MC step:  Ratio:     Energy:   Order:
#=====================================================
   00000    0.5000  -62700.7970  0.2515 
   00001    0.6764  -92741.1285  0.2528 
   00002    0.6233 -112499.7919  0.2531 
   00003    0.5866 -126596.3375  0.2539 
   00004    0.5590 -137201.8789  0.2539 
   00005    0.5337 -145453.3322  0.2535 
   00006    0.5229 -152625.9417  0.2527 
   00007    0.5102 -158682.9204  0.2555 
   00008    0.5009 -163327.8536  0.2561 
   00009    0.4888 -167271.7628  0.2550 
   00010    0.4830 -171117.1678  0.2555 
   00011    0.4750 -174362.7985  0.2558 
   00012    0.4722 -177041.1354  0.2564 
   00013    0.4683 -179212.6450  0.2564 
   00014    0.4667 -181450.1084  0.2565 
   00015    0.4587 -183172.0569  0.2579 
   00016    0.4541 -185025.2245  0.2603 
   00017    0.4543 -186466.9804  0.2613 
   00018    0.4524 -187745.1487  0.2610 
   00019    0.4513 -188934.3069  0.2617 
   00020    0.4510 -189873.9450  0.2630 
   00021    0.4444 -191061.7253  0.2606 
   00022    0.4424 -192146.4561  0.2601 
   00023    0.4377 -192836.4596  0.2598 
   00024    0.4429 -193729.4885  0.2605 
   00025    0.4380 -194078.6723  0.2603 
   00026    0.4403 -194645.6379  0.2598 
   00027    0.4405 -195301.1225  0.2595 
   00028    0.4367 -195836.0847  0.2597 
   00029    0.4339 -196269.7887  0.2602 
   00030    0.4403 -196880.8894  0.2599 
   00031    0.4345 -197459.2094  0.2597 
   00032    0.4362 -197815.5473  0.2594 
   00033    0.4353 -198008.4436  0.2601 
   00034    0.4337 -198510.0860  0.2609 
   00035    0.4347 -198949.6298  0.2612 
   00036    0.4328 -199300.7667  0.2606 
   00037    0.4327 -199483.3735  0.2610 
   00038    0.4318 -199882.0107  0.2597 
   00039    0.4306 -200133.7634  0.2611 
   00040    0.4307 -200548.3816  0.2621 
   00041    0.4270 -200716.2666  0.2612 
   00042    0.4296 -201090.5124  0.2608 
   00043    0.4322 -201122.7620  0.2606 
   00044    0.4305 -201383.7233  0.2608 
   00045    0.4254 -201469.0998  0.2594 
   00046    0.4280 -201680.8951  0.2588 
   00047    0.4296 -202125.3084  0.2596 
   00048    0.4257 -202208.6764  0.2601 
   00049    0.4271 -202398.6887  0.2608 
   00050    0.4271 -202398.0414  0.2610 
