#=====================================================
# File created:        Mon-11-Mar-2024-at-05-22-54PM
# Size of lattice:     250x250
# Number of MC steps:  50
# Reduced temperature: 0.500
# Run time (s):        8.103559
#=====================================================
# MC step:  Ratio:     Energy:   Order:
#=====================================================
   00000    0.5000  -62541.7076  0.2546 
   00001    0.6808  -92809.3644  0.2552 
   00002    0.6250 -112452.9705  0.2563 
   00003    0.5854 -126556.3620  0.2598 
   00004    0.5623 -137520.7515  0.2593 
   00005    0.5393 -146374.7811  0.2607 
   00006    0.5182 -153333.8977  0.2608 
   00007    0.5067 -158912.1735  0.2609 
   00008    0.5011 -163562.1765  0.2621 
   00009    0.4936 -167595.9447  0.2628 
   00010    0.4833 -171389.8380  0.2618 
   00011    0.4770 -174392.9993  0.2616 
   00012    0.4711 -177113.8660  0.2601 
   00013    0.4682 -179489.2869  0.2596 
   00014    0.4641 -181492.4100  0.2599 
   00015    0.4630 -183255.5606  0.2601 
   00016    0.4555 -185200.3414  0.2597 
   00017    0.4527 -186694.4535  0.2599 
   00018    0.4531 -187868.4351  0.2606 
   00019    0.4522 -189115.5284  0.2635 
   00020    0.4486 -190384.7600  0.2621 
   00021    0.4439 -191240.5410  0.2635 
   00022    0.4464 -192206.5296  0.2652 
   00023    0.4420 -192909.8354  0.2652 
   00024    0.4426 -193760.3155  0.2646 
   00025    0.4390 -194264.2863  0.2641 
   00026    0.4385 -194953.1927  0.2643 
   00027    0.4346 -195642.8803  0.2651 
   00028    0.4404 -196358.8893  0.2647 
   00029    0.4376 -196935.6914  0.2640 
   00030    0.4331 -197445.6271  0.2650 
   00031    0.4335 -197746.9686  0.2656 
   00032    0.4362 -197943.0146  0.2661 
   00033    0.4350 -198327.3536  0.2674 
   00034    0.4326 -198808.7182  0.2664 
   00035    0.4347 -199257.5290  0.2665 
   00036    0.4317 -199524.4729  0.2663 
   00037    0.4301 -200026.1450  0.2662 
   00038    0.4325 -200453.5912  0.2659 
   00039    0.4322 -200747.3128  0.2668 
   00040    0.4306 -200723.5889  0.2666 
   00041    0.4350 -200933.5972  0.2669 
   00042    0.4321 -201202.2041  0.2665 
   00043    0.4256 -201414.5817  0.2665 
   00044    0.4266 -201614.7150  0.2653 
   00045    0.4277 -201997.6890  0.2658 
   00046    0.4256 -202169.5101  0.2663 
   00047    0.4310 -202325.0238  0.2670 
   00048    0.4279 -202453.5123  0.2676 
   00049    0.4269 -202585.8184  0.2681 
   00050    0.4241 -202789.9853  0.2692 
