#=====================================================
# File created:        Sat-09-Mar-2024-at-07-18-42PM
# Size of lattice:     250x250
# Number of MC steps:  50
# Reduced temperature: 0.500
# Run time (s):        38.968243
#=====================================================
# MC step:  Ratio:     Energy:   Order:
#=====================================================
   00000    0.5000  -62640.4784  0.2524 
   00001    0.6768  -92841.8999  0.2542 
   00002    0.6220 -112396.3417  0.2546 
   00003    0.5871 -126189.3290  0.2541 
   00004    0.5578 -137269.8311  0.2549 
   00005    0.5388 -145537.0261  0.2552 
   00006    0.5233 -152763.7968  0.2561 
   00007    0.5043 -158473.3462  0.2556 
   00008    0.5014 -163222.4704  0.2563 
   00009    0.4883 -167413.0740  0.2583 
   00010    0.4827 -171352.8944  0.2590 
   00011    0.4775 -174309.9202  0.2599 
   00012    0.4699 -177108.0289  0.2604 
   00013    0.4646 -179231.2906  0.2612 
   00014    0.4620 -181259.7593  0.2609 
   00015    0.4594 -182838.3750  0.2621 
   00016    0.4612 -184553.9760  0.2632 
   00017    0.4558 -186170.8854  0.2653 
   00018    0.4530 -187540.0414  0.2649 
   00019    0.4518 -188918.2734  0.2636 
   00020    0.4491 -190001.5996  0.2638 
   00021    0.4471 -190810.0540  0.2646 
   00022    0.4468 -191861.8990  0.2656 
   00023    0.4432 -192699.8679  0.2667 
   00024    0.4392 -193735.5933  0.2676 
   00025    0.4390 -194488.3942  0.2676 
   00026    0.4376 -195164.9098  0.2682 
   00027    0.4372 -195784.0120  0.2694 
   00028    0.4400 -196194.1518  0.2708 
   00029    0.4377 -196518.8712  0.2721 
   00030    0.4365 -197133.5803  0.2721 
   00031    0.4320 -197526.1889  0.2730 
   00032    0.4338 -197767.9869  0.2712 
   00033    0.4335 -198507.7540  0.2710 
   00034    0.4318 -198904.0854  0.2704 
   00035    0.4345 -199367.8956  0.2711 
   00036    0.4338 -199604.9892  0.2706 
   00037    0.4277 -200077.4586  0.2705 
   00038    0.4314 -200255.6299  0.2707 
   00039    0.4311 -200459.5511  0.2717 
   00040    0.4320 -200859.2265  0.2707 
   00041    0.4311 -201236.1990  0.2703 
   00042    0.4271 -201453.2327  0.2710 
   00043    0.4285 -201389.0529  0.2720 
   00044    0.4258 -201901.6634  0.2727 
   00045    0.4236 -202203.1611  0.2730 
   00046    0.4293 -202418.2869  0.2728 
   00047    0.4241 -202474.2408  0.2722 
   00048    0.4271 -202670.3413  0.2727 
   00049    0.4257 -202907.2977  0.2728 
   00050    0.4268 -202961.0329  0.2721 
