#=====================================================
# File created:        Mon-11-Mar-2024-at-03-29-20PM
# Size of lattice:     50x50
# Number of MC steps:  250
# Reduced temperature: 0.500
# Run time (s):        7.940914
#=====================================================
# MC step:  Ratio:     Energy:   Order:
#=====================================================
   00000    0.5000   -2544.6412  0.2613 
   00001    0.6760   -3764.7568  0.2640 
   00002    0.6288   -4461.6320  0.2746 
   00003    0.5892   -5016.6592  0.2717 
   00004    0.5692   -5466.6917  0.2768 
   00005    0.5308   -5815.0477  0.2843 
   00006    0.5256   -6100.7586  0.2870 
   00007    0.5116   -6387.8007  0.2950 
   00008    0.5004   -6591.4100  0.2931 
   00009    0.4788   -6694.4454  0.2924 
   00010    0.4788   -6794.2983  0.2985 
   00011    0.4828   -6937.0241  0.3023 
   00012    0.4784   -7081.3923  0.3058 
   00013    0.4604   -7189.5083  0.3032 
   00014    0.4684   -7282.5322  0.2994 
   00015    0.4700   -7326.2909  0.3032 
   00016    0.4780   -7418.7875  0.3018 
   00017    0.4492   -7436.0395  0.3057 
   00018    0.4552   -7532.4513  0.3134 
   00019    0.4512   -7547.1796  0.3188 
   00020    0.4600   -7574.7871  0.3171 
   00021    0.4480   -7647.0301  0.3188 
   00022    0.4308   -7680.5897  0.3250 
   00023    0.4440   -7742.8592  0.3229 
   00024    0.4484   -7754.9864  0.3219 
   00025    0.4252   -7803.1981  0.3249 
   00026    0.4220   -7849.8163  0.3268 
   00027    0.4308   -7848.4070  0.3219 
   00028    0.4496   -7888.9001  0.3213 
   00029    0.4432   -7889.6720  0.3193 
   00030    0.4316   -7907.3537  0.3202 
   00031    0.4304   -7893.5855  0.3204 
   00032    0.4396   -7933.1402  0.3169 
   00033    0.4236   -7916.9899  0.3199 
   00034    0.4452   -7934.4718  0.3177 
   00035    0.4076   -7938.4748  0.3201 
   00036    0.4044   -7958.2148  0.3182 
   00037    0.4252   -7973.1031  0.3148 
   00038    0.4236   -8036.5859  0.3168 
   00039    0.4160   -8107.7015  0.3176 
   00040    0.4196   -8086.7854  0.3194 
   00041    0.4460   -8070.7291  0.3214 
   00042    0.4416   -8094.0653  0.3175 
   00043    0.4244   -8113.1358  0.3195 
   00044    0.4200   -8133.3182  0.3217 
   00045    0.4344   -8169.8306  0.3190 
   00046    0.4280   -8172.6816  0.3217 
   00047    0.4140   -8132.7348  0.3168 
   00048    0.4072   -8119.2454  0.3138 
   00049    0.4540   -8116.5707  0.3154 
   00050    0.4208   -8118.5897  0.3244 
   00051    0.4148   -8177.6259  0.3254 
   00052    0.4200   -8140.2890  0.3265 
   00053    0.4168   -8190.2085  0.3330 
   00054    0.4232   -8164.1186  0.3294 
   00055    0.4296   -8126.2841  0.3312 
   00056    0.4292   -8140.8645  0.3343 
   00057    0.4284   -8133.9265  0.3354 
   00058    0.4188   -8134.8284  0.3340 
   00059    0.4156   -8127.6756  0.3406 
   00060    0.4276   -8145.8533  0.3354 
   00061    0.4360   -8169.3798  0.3352 
   00062    0.4224   -8159.0561  0.3318 
   00063    0.4156   -8165.4053  0.3294 
   00064    0.4172   -8185.0758  0.3271 
   00065    0.4188   -8226.1150  0.3289 
   00066    0.4144   -8181.8707  0.3232 
   00067    0.4360   -8188.9653  0.3256 
   00068    0.4232   -8212.4328  0.3272 
   00069    0.4212   -8238.2841  0.3287 
   00070    0.4168   -8232.5079  0.3326 
   00071    0.4276   -8243.4892  0.3284 
   00072    0.4348   -8253.0814  0.3375 
   00073    0.4192   -8248.4089  0.3396 
   00074    0.4140   -8253.5164  0.3379 
   00075    0.4228   -8255.0756  0.3292 
   00076    0.4244   -8263.3337  0.3274 
   00077    0.4208   -8279.7508  0.3307 
   00078    0.4176   -8322.4226  0.3316 
   00079    0.4224   -8318.9394  0.3354 
   00080    0.4188   -8322.2572  0.3380 
   00081    0.4212   -8328.3819  0.3359 
   00082    0.4160   -8340.9432  0.3363 
   00083    0.4276   -8290.8288  0.3371 
   00084    0.4088   -8260.8801  0.3371 
   00085    0.4132   -8283.1875  0.3360 
   00086    0.4000   -8263.6732  0.3421 
   00087    0.4276   -8280.0825  0.3402 
   00088    0.4196   -8325.3103  0.3438 
   00089    0.4192   -8307.1687  0.3447 
   00090    0.4224   -8332.6035  0.3432 
   00091    0.4088   -8341.1292  0.3413 
   00092    0.4024   -8302.1526  0.3382 
   00093    0.4228   -8295.7382  0.3396 
   00094    0.4220   -8364.2054  0.3441 
   00095    0.4160   -8380.2396  0.3445 
   00096    0.4056   -8374.2412  0.3427 
   00097    0.4116   -8365.7882  0.3415 
   00098    0.4084   -8343.8087  0.3454 
   00099    0.4140   -8327.9058  0.3395 
   00100    0.4028   -8362.0908  0.3355 
   00101    0.4148   -8313.7623  0.3414 
   00102    0.4388   -8323.9273  0.3413 
   00103    0.4292   -8314.8231  0.3464 
   00104    0.4000   -8319.8420  0.3488 
   00105    0.4236   -8322.1193  0.3478 
   00106    0.4376   -8349.2709  0.3532 
   00107    0.4188   -8282.6924  0.3475 
   00108    0.4100   -8253.6374  0.3495 
   00109    0.4220   -8288.7806  0.3490 
   00110    0.4144   -8307.3432  0.3536 
   00111    0.3968   -8327.4186  0.3538 
   00112    0.4016   -8356.6555  0.3557 
   00113    0.4076   -8316.2472  0.3562 
   00114    0.4300   -8296.6988  0.3618 
   00115    0.4212   -8299.0579  0.3601 
   00116    0.4204   -8299.9217  0.3546 
   00117    0.4272   -8306.5889  0.3544 
   00118    0.4240   -8299.5261  0.3516 
   00119    0.3932   -8306.7619  0.3512 
   00120    0.4036   -8331.3734  0.3565 
   00121    0.4060   -8341.9315  0.3560 
   00122    0.4272   -8345.4759  0.3558 
   00123    0.4244   -8362.5683  0.3537 
   00124    0.4180   -8361.0082  0.3572 
   00125    0.4120   -8391.4990  0.3618 
   00126    0.4328   -8390.1439  0.3667 
   00127    0.4108   -8376.8967  0.3648 
   00128    0.4228   -8394.2993  0.3575 
   00129    0.4036   -8369.7821  0.3558 
   00130    0.4284   -8354.6819  0.3603 
   00131    0.4252   -8366.2946  0.3638 
   00132    0.4164   -8389.5070  0.3616 
   00133    0.4224   -8390.1330  0.3626 
   00134    0.4120   -8418.6825  0.3632 
   00135    0.3936   -8387.1965  0.3632 
   00136    0.4160   -8438.0884  0.3689 
   00137    0.4192   -8451.9877  0.3616 
   00138    0.4168   -8441.6435  0.3565 
   00139    0.4116   -8408.3791  0.3605 
   00140    0.4076   -8425.4849  0.3633 
   00141    0.4052   -8465.6733  0.3596 
   00142    0.4244   -8457.3878  0.3555 
   00143    0.4056   -8431.1905  0.3608 
   00144    0.4140   -8389.1388  0.3618 
   00145    0.4312   -8395.5809  0.3595 
   00146    0.4300   -8431.5163  0.3573 
   00147    0.4168   -8430.6411  0.3580 
   00148    0.4056   -8402.0604  0.3557 
   00149    0.4328   -8425.6509  0.3495 
   00150    0.3964   -8390.8437  0.3476 
   00151    0.4088   -8383.2539  0.3502 
   00152    0.3904   -8406.5326  0.3524 
   00153    0.4116   -8362.8195  0.3466 
   00154    0.4276   -8330.4001  0.3535 
   00155    0.4208   -8323.0862  0.3530 
   00156    0.4296   -8375.0386  0.3585 
   00157    0.4180   -8372.1848  0.3590 
   00158    0.4132   -8331.3804  0.3615 
   00159    0.4292   -8333.4538  0.3567 
   00160    0.4296   -8312.6948  0.3571 
   00161    0.4092   -8315.8195  0.3594 
   00162    0.4176   -8321.7451  0.3544 
   00163    0.4024   -8350.9852  0.3531 
   00164    0.4140   -8307.7541  0.3558 
   00165    0.4044   -8339.2466  0.3517 
   00166    0.4244   -8309.5128  0.3575 
   00167    0.4260   -8339.5260  0.3544 
   00168    0.4216   -8347.3227  0.3535 
   00169    0.4272   -8366.3346  0.3516 
   00170    0.4232   -8387.8379  0.3509 
   00171    0.4120   -8351.9813  0.3527 
   00172    0.4140   -8375.4826  0.3528 
   00173    0.4124   -8365.9374  0.3518 
   00174    0.4172   -8351.8668  0.3549 
   00175    0.4104   -8398.8602  0.3570 
   00176    0.4276   -8444.3675  0.3591 
   00177    0.3972   -8386.1403  0.3579 
   00178    0.4088   -8408.1887  0.3571 
   00179    0.4280   -8378.9972  0.3591 
   00180    0.4208   -8369.9636  0.3635 
   00181    0.4196   -8327.4992  0.3644 
   00182    0.4184   -8262.8385  0.3573 
   00183    0.4092   -8262.9938  0.3571 
   00184    0.4220   -8274.5430  0.3614 
   00185    0.4124   -8322.4296  0.3597 
   00186    0.4136   -8352.8842  0.3665 
   00187    0.4264   -8319.5752  0.3725 
   00188    0.4192   -8312.0969  0.3684 
   00189    0.4108   -8340.3207  0.3692 
   00190    0.4000   -8356.6031  0.3699 
   00191    0.4316   -8386.4943  0.3709 
   00192    0.4228   -8390.3712  0.3743 
   00193    0.4140   -8362.5923  0.3739 
   00194    0.4324   -8371.1750  0.3720 
   00195    0.4048   -8406.7357  0.3705 
   00196    0.4172   -8379.3116  0.3671 
   00197    0.4028   -8368.0170  0.3658 
   00198    0.4024   -8388.7774  0.3727 
   00199    0.4188   -8403.0268  0.3771 
   00200    0.4032   -8446.7327  0.3840 
   00201    0.4008   -8432.6267  0.3791 
   00202    0.4232   -8447.8441  0.3817 
   00203    0.4136   -8448.1711  0.3768 
   00204    0.4164   -8425.9210  0.3698 
   00205    0.4212   -8435.7297  0.3753 
   00206    0.4192   -8387.8704  0.3731 
   00207    0.4328   -8364.0932  0.3733 
   00208    0.4252   -8330.4929  0.3733 
   00209    0.4096   -8374.0086  0.3668 
   00210    0.4152   -8365.2170  0.3727 
   00211    0.4236   -8317.1335  0.3773 
   00212    0.4224   -8394.2758  0.3791 
   00213    0.4176   -8381.8386  0.3791 
   00214    0.4040   -8412.8410  0.3761 
   00215    0.4088   -8387.1679  0.3728 
   00216    0.4192   -8410.8302  0.3683 
   00217    0.4200   -8437.1950  0.3661 
   00218    0.4084   -8398.9638  0.3634 
   00219    0.4024   -8334.4234  0.3633 
   00220    0.3796   -8405.5425  0.3637 
   00221    0.4064   -8394.3103  0.3657 
   00222    0.4152   -8350.3195  0.3687 
   00223    0.4232   -8351.7691  0.3651 
   00224    0.4296   -8344.8715  0.3620 
   00225    0.4212   -8357.0573  0.3628 
   00226    0.4036   -8376.9911  0.3670 
   00227    0.4000   -8393.3233  0.3629 
   00228    0.4188   -8389.0713  0.3591 
   00229    0.4052   -8399.0889  0.3546 
   00230    0.4148   -8366.4811  0.3565 
   00231    0.4172   -8360.0112  0.3570 
   00232    0.4080   -8357.3128  0.3582 
   00233    0.4116   -8364.1225  0.3619 
   00234    0.4128   -8400.9223  0.3636 
   00235    0.4208   -8414.3445  0.3597 
   00236    0.4124   -8351.8249  0.3619 
   00237    0.4172   -8410.3000  0.3699 
   00238    0.3936   -8430.2243  0.3732 
   00239    0.4128   -8442.9344  0.3843 
   00240    0.4104   -8449.5010  0.3829 
   00241    0.4136   -8457.5276  0.3863 
   00242    0.4272   -8407.9591  0.3846 
   00243    0.4120   -8378.7487  0.3879 
   00244    0.4180   -8415.9311  0.3866 
   00245    0.4164   -8426.5767  0.3895 
   00246    0.4024   -8415.5121  0.3873 
   00247    0.4056   -8433.3023  0.3914 
   00248    0.4096   -8458.5910  0.3911 
   00249    0.4148   -8459.3268  0.3871 
   00250    0.4356   -8442.7427  0.3904 
