#=====================================================
# File created:        Sat-09-Mar-2024-at-07-17-24PM
# Size of lattice:     250x250
# Number of MC steps:  50
# Reduced temperature: 0.500
# Run time (s):        38.695462
#=====================================================
# MC step:  Ratio:     Energy:   Order:
#=====================================================
   00000    0.5000  -61815.7440  0.2508 
   00001    0.6819  -92547.4797  0.2539 
   00002    0.6280 -112523.0085  0.2559 
   00003    0.5812 -126713.1699  0.2570 
   00004    0.5566 -137271.1879  0.2570 
   00005    0.5369 -145922.6058  0.2585 
   00006    0.5237 -152971.6556  0.2603 
   00007    0.5077 -158344.5943  0.2608 
   00008    0.5001 -163360.2684  0.2612 
   00009    0.4921 -167587.0381  0.2610 
   00010    0.4827 -171225.4901  0.2616 
   00011    0.4738 -174397.7644  0.2631 
   00012    0.4699 -177082.6480  0.2655 
   00013    0.4687 -179336.1907  0.2663 
   00014    0.4649 -181160.3812  0.2665 
   00015    0.4616 -183285.5828  0.2678 
   00016    0.4560 -185149.9611  0.2678 
   00017    0.4576 -186589.3103  0.2690 
   00018    0.4506 -187814.8574  0.2710 
   00019    0.4483 -188699.1537  0.2708 
   00020    0.4478 -189832.7726  0.2707 
   00021    0.4524 -190982.2842  0.2721 
   00022    0.4418 -191970.1459  0.2732 
   00023    0.4453 -192571.8795  0.2737 
   00024    0.4407 -193500.4308  0.2731 
   00025    0.4389 -194184.5426  0.2718 
   00026    0.4363 -194836.5045  0.2733 
   00027    0.4394 -195536.4951  0.2735 
   00028    0.4375 -196074.9435  0.2750 
   00029    0.4373 -196515.7184  0.2760 
   00030    0.4372 -196931.3231  0.2754 
   00031    0.4349 -197651.9522  0.2770 
   00032    0.4350 -197951.7548  0.2776 
   00033    0.4337 -198253.5506  0.2773 
   00034    0.4364 -198787.4882  0.2769 
   00035    0.4341 -199206.5715  0.2772 
   00036    0.4328 -199587.7497  0.2772 
   00037    0.4305 -199684.0010  0.2781 
   00038    0.4264 -199978.7402  0.2784 
   00039    0.4296 -200251.0639  0.2781 
   00040    0.4295 -200787.8593  0.2763 
   00041    0.4292 -200964.7523  0.2768 
   00042    0.4327 -201211.7076  0.2783 
   00043    0.4292 -201641.6589  0.2784 
   00044    0.4318 -202006.6025  0.2786 
   00045    0.4296 -202037.5643  0.2770 
   00046    0.4240 -202266.6694  0.2776 
   00047    0.4252 -202600.0156  0.2768 
   00048    0.4253 -202826.4780  0.2773 
   00049    0.4246 -203203.0356  0.2767 
   00050    0.4238 -203263.9066  0.2759 
