#=====================================================
# File created:        Mon-11-Mar-2024-at-05-10-38PM
# Size of lattice:     50x50
# Number of MC steps:  200
# Reduced temperature: 0.500
# Run time (s):        1.743734
#=====================================================
# MC step:  Ratio:     Energy:   Order:
#=====================================================
   00000    0.5000   -2546.8126  0.2647 
   00001    0.6756   -3831.3846  0.2791 
   00002    0.6032   -4599.8616  0.2907 
   00003    0.5748   -5121.2387  0.2956 
   00004    0.5740   -5524.1361  0.2930 
   00005    0.5380   -5809.8832  0.3018 
   00006    0.5300   -6100.6787  0.3025 
   00007    0.5188   -6308.8747  0.3066 
   00008    0.4940   -6523.8230  0.3241 
   00009    0.4856   -6741.0289  0.3236 
   00010    0.4812   -6911.7396  0.3344 
   00011    0.4584   -6998.7486  0.3392 
   00012    0.4716   -7075.8166  0.3471 
   00013    0.4660   -7164.9959  0.3567 
   00014    0.4408   -7242.5491  0.3555 
   00015    0.4664   -7267.6843  0.3527 
   00016    0.4624   -7306.2293  0.3586 
   00017    0.4608   -7414.6908  0.3620 
   00018    0.4496   -7529.2730  0.3656 
   00019    0.4512   -7605.2964  0.3652 
   00020    0.4604   -7624.3911  0.3663 
   00021    0.4528   -7682.4546  0.3592 
   00022    0.4416   -7715.0076  0.3638 
   00023    0.4448   -7758.2030  0.3676 
   00024    0.4320   -7764.3812  0.3724 
   00025    0.4380   -7833.0057  0.3730 
   00026    0.4364   -7877.6473  0.3814 
   00027    0.4236   -7829.0286  0.3745 
   00028    0.4544   -7869.7511  0.3671 
   00029    0.4536   -7828.4040  0.3702 
   00030    0.4268   -7823.6785  0.3701 
   00031    0.4384   -7843.0979  0.3672 
   00032    0.4212   -7833.1181  0.3702 
   00033    0.4380   -7886.7514  0.3734 
   00034    0.4356   -7916.2236  0.3730 
   00035    0.4420   -7942.2860  0.3767 
   00036    0.4392   -7930.3350  0.3766 
   00037    0.4404   -7941.5166  0.3771 
   00038    0.4556   -7947.9768  0.3795 
   00039    0.4312   -8007.8983  0.3860 
   00040    0.4396   -8046.2113  0.3837 
   00041    0.4160   -8077.6444  0.3853 
   00042    0.4076   -8056.5383  0.3911 
   00043    0.4392   -8050.3423  0.3981 
   00044    0.4256   -8065.1901  0.3995 
   00045    0.4376   -8051.9924  0.3990 
   00046    0.4296   -8090.2969  0.3963 
   00047    0.4372   -8080.2542  0.4076 
   00048    0.4476   -8107.0731  0.4090 
   00049    0.4372   -8104.0188  0.4160 
   00050    0.4136   -8153.1676  0.4166 
   00051    0.4388   -8151.0235  0.4183 
   00052    0.4180   -8156.5490  0.4221 
   00053    0.4332   -8200.2552  0.4250 
   00054    0.4332   -8193.5520  0.4300 
   00055    0.4320   -8179.7634  0.4275 
   00056    0.4256   -8148.8833  0.4291 
   00057    0.4260   -8176.9350  0.4286 
   00058    0.4296   -8225.9799  0.4367 
   00059    0.4256   -8218.9710  0.4353 
   00060    0.4148   -8235.5977  0.4399 
   00061    0.4180   -8212.8077  0.4457 
   00062    0.4248   -8265.8217  0.4527 
   00063    0.4184   -8251.0026  0.4524 
   00064    0.4500   -8270.5156  0.4571 
   00065    0.4312   -8274.8724  0.4600 
   00066    0.4124   -8276.8916  0.4636 
   00067    0.4356   -8244.9335  0.4632 
   00068    0.4120   -8302.9595  0.4619 
   00069    0.4080   -8295.1818  0.4656 
   00070    0.4052   -8275.1502  0.4656 
   00071    0.4112   -8321.7047  0.4646 
   00072    0.4224   -8245.1290  0.4609 
   00073    0.4188   -8244.4862  0.4611 
   00074    0.4320   -8296.5686  0.4571 
   00075    0.4276   -8319.8336  0.4534 
   00076    0.4232   -8308.6412  0.4558 
   00077    0.4132   -8293.9048  0.4601 
   00078    0.4252   -8359.6676  0.4533 
   00079    0.4272   -8336.7402  0.4619 
   00080    0.4344   -8305.1518  0.4593 
   00081    0.4336   -8274.9944  0.4594 
   00082    0.4080   -8251.0338  0.4566 
   00083    0.4280   -8241.3074  0.4567 
   00084    0.4064   -8299.8063  0.4563 
   00085    0.4212   -8289.2629  0.4631 
   00086    0.4160   -8289.7617  0.4667 
   00087    0.3916   -8293.3164  0.4663 
   00088    0.4228   -8298.8023  0.4691 
   00089    0.4340   -8276.0037  0.4702 
   00090    0.4164   -8295.5639  0.4668 
   00091    0.4028   -8268.7252  0.4681 
   00092    0.4192   -8290.9978  0.4692 
   00093    0.4284   -8320.0465  0.4734 
   00094    0.4188   -8293.9140  0.4741 
   00095    0.4056   -8370.9268  0.4766 
   00096    0.4328   -8345.9489  0.4783 
   00097    0.4236   -8336.3695  0.4756 
   00098    0.4192   -8341.4628  0.4816 
   00099    0.4212   -8297.8510  0.4851 
   00100    0.4184   -8287.1406  0.4836 
   00101    0.4324   -8339.6449  0.4865 
   00102    0.4156   -8382.3328  0.4887 
   00103    0.4256   -8403.9410  0.4878 
   00104    0.4272   -8374.0035  0.4873 
   00105    0.4196   -8376.7365  0.4850 
   00106    0.4124   -8382.3755  0.4876 
   00107    0.4084   -8388.0145  0.4868 
   00108    0.4108   -8420.8754  0.4903 
   00109    0.4200   -8425.3039  0.4917 
   00110    0.4200   -8394.5092  0.4888 
   00111    0.4340   -8376.1976  0.4889 
   00112    0.4224   -8372.5043  0.4913 
   00113    0.4152   -8380.3886  0.5003 
   00114    0.4352   -8356.5122  0.5013 
   00115    0.4020   -8372.3275  0.4998 
   00116    0.4132   -8376.9694  0.5012 
   00117    0.4156   -8368.6202  0.5043 
   00118    0.4248   -8388.7985  0.5054 
   00119    0.4000   -8334.7726  0.5048 
   00120    0.4136   -8346.3655  0.5079 
   00121    0.4340   -8331.9307  0.5037 
   00122    0.4184   -8348.1109  0.5071 
   00123    0.4052   -8374.5300  0.5058 
   00124    0.4036   -8356.5453  0.5040 
   00125    0.4148   -8357.8543  0.5045 
   00126    0.4060   -8279.4692  0.5000 
   00127    0.4284   -8338.1890  0.5001 
   00128    0.4128   -8329.3262  0.5009 
   00129    0.4276   -8363.1388  0.5015 
   00130    0.4120   -8374.8029  0.5003 
   00131    0.4204   -8375.2597  0.5015 
   00132    0.4164   -8365.6900  0.4979 
   00133    0.4204   -8360.7008  0.5037 
   00134    0.4156   -8354.8607  0.5044 
   00135    0.4100   -8353.9512  0.5030 
   00136    0.4220   -8380.0995  0.5055 
   00137    0.4060   -8361.9154  0.4993 
   00138    0.4204   -8358.9094  0.5055 
   00139    0.4004   -8372.7564  0.5060 
   00140    0.4108   -8386.8491  0.5002 
   00141    0.4280   -8390.1141  0.4988 
   00142    0.4228   -8407.8638  0.5080 
   00143    0.4232   -8420.8943  0.5065 
   00144    0.4144   -8374.6570  0.5036 
   00145    0.4312   -8361.1070  0.4987 
   00146    0.4312   -8367.4664  0.4981 
   00147    0.4264   -8325.4326  0.5027 
   00148    0.4024   -8329.3238  0.4976 
   00149    0.4204   -8338.4490  0.4950 
   00150    0.4228   -8333.2447  0.4932 
   00151    0.4040   -8331.5126  0.4887 
   00152    0.4224   -8342.1564  0.4937 
   00153    0.4128   -8361.4400  0.4932 
   00154    0.4140   -8380.1353  0.4950 
   00155    0.4152   -8371.9263  0.4885 
   00156    0.4148   -8359.4496  0.4875 
   00157    0.4244   -8434.5743  0.4924 
   00158    0.4008   -8409.7048  0.4975 
   00159    0.4132   -8447.8006  0.5047 
   00160    0.4252   -8438.3491  0.5100 
   00161    0.4184   -8424.3342  0.5137 
   00162    0.4196   -8371.7077  0.5162 
   00163    0.4080   -8392.9113  0.5166 
   00164    0.4028   -8425.5910  0.5141 
   00165    0.4176   -8429.1315  0.5192 
   00166    0.3972   -8439.0803  0.5109 
   00167    0.4156   -8407.3348  0.5107 
   00168    0.4052   -8405.8944  0.5135 
   00169    0.4348   -8428.6849  0.5107 
   00170    0.4032   -8461.3024  0.5036 
   00171    0.4132   -8401.9093  0.5015 
   00172    0.4276   -8404.7259  0.4969 
   00173    0.4148   -8396.1329  0.5070 
   00174    0.4356   -8436.2108  0.5131 
   00175    0.4252   -8408.6479  0.5091 
   00176    0.3984   -8407.1122  0.5006 
   00177    0.4228   -8417.0259  0.5066 
   00178    0.4184   -8383.0997  0.5055 
   00179    0.4280   -8372.1784  0.5028 
   00180    0.4260   -8384.5958  0.5017 
   00181    0.4144   -8433.3662  0.5073 
   00182    0.4160   -8430.6160  0.5127 
   00183    0.4112   -8445.6723  0.5070 
   00184    0.4032   -8471.5234  0.5099 
   00185    0.4032   -8454.4933  0.5057 
   00186    0.4068   -8481.2315  0.4980 
   00187    0.4016   -8459.3604  0.4921 
   00188    0.4224   -8420.3763  0.4924 
   00189    0.4264   -8374.7829  0.4894 
   00190    0.4192   -8382.8255  0.4836 
   00191    0.4052   -8389.2391  0.4823 
   00192    0.4272   -8397.3085  0.4874 
   00193    0.4088   -8390.2192  0.4831 
   00194    0.4116   -8345.8134  0.4809 
   00195    0.4256   -8365.4428  0.4824 
   00196    0.4128   -8402.7526  0.4860 
   00197    0.4084   -8405.6056  0.4819 
   00198    0.4204   -8438.4027  0.4839 
   00199    0.4032   -8464.0260  0.4842 
   00200    0.4220   -8455.6125  0.4851 
