#=====================================================
# File created:        Sat-09-Mar-2024-at-07-15-49PM
# Size of lattice:     200x200
# Number of MC steps:  50
# Reduced temperature: 0.500
# Run time (s):        24.817214
#=====================================================
# MC step:  Ratio:     Energy:   Order:
#=====================================================
   00000    0.5000  -39507.6944  0.2510 
   00001    0.6846  -59239.6695  0.2545 
   00002    0.6224  -71861.6537  0.2555 
   00003    0.5811  -81053.2966  0.2572 
   00004    0.5583  -88140.0466  0.2579 
   00005    0.5337  -93615.9306  0.2595 
   00006    0.5179  -98060.4959  0.2585 
   00007    0.5100 -101658.4453  0.2600 
   00008    0.4955 -105013.0837  0.2600 
   00009    0.4884 -107679.8471  0.2591 
   00010    0.4782 -109936.3937  0.2586 
   00011    0.4773 -111785.3948  0.2602 
   00012    0.4686 -113773.9345  0.2626 
   00013    0.4647 -115048.7942  0.2642 
   00014    0.4642 -116307.4982  0.2660 
   00015    0.4590 -117312.8583  0.2680 
   00016    0.4518 -118393.1817  0.2678 
   00017    0.4537 -119521.4858  0.2694 
   00018    0.4510 -120171.8861  0.2714 
   00019    0.4515 -121090.4156  0.2715 
   00020    0.4455 -121707.0378  0.2702 
   00021    0.4459 -122449.8476  0.2708 
   00022    0.4451 -123118.9834  0.2718 
   00023    0.4436 -123531.7499  0.2717 
   00024    0.4486 -124038.7218  0.2717 
   00025    0.4397 -124312.0688  0.2718 
   00026    0.4465 -124736.5041  0.2721 
   00027    0.4354 -125191.5853  0.2733 
   00028    0.4354 -125535.8564  0.2740 
   00029    0.4384 -125855.2235  0.2747 
   00030    0.4345 -126111.9584  0.2754 
   00031    0.4405 -126580.9778  0.2744 
   00032    0.4362 -126943.7413  0.2738 
   00033    0.4369 -127210.2559  0.2730 
   00034    0.4344 -127470.5501  0.2724 
   00035    0.4285 -127661.3720  0.2742 
   00036    0.4298 -127892.2547  0.2742 
   00037    0.4327 -128175.8511  0.2752 
   00038    0.4276 -128332.1624  0.2751 
   00039    0.4232 -128481.0331  0.2750 
   00040    0.4275 -128764.9687  0.2758 
   00041    0.4309 -128895.6771  0.2758 
   00042    0.4299 -129015.4517  0.2782 
   00043    0.4257 -129243.6460  0.2798 
   00044    0.4279 -129359.1153  0.2805 
   00045    0.4220 -129633.9027  0.2792 
   00046    0.4273 -129490.4271  0.2802 
   00047    0.4256 -129735.6663  0.2813 
   00048    0.4269 -129725.3942  0.2800 
   00049    0.4268 -129734.3467  0.2796 
   00050    0.4249 -130048.2178  0.2782 
