#=====================================================
# File created:        Mon-11-Mar-2024-at-05-14-23PM
# Size of lattice:     50x50
# Number of MC steps:  250
# Reduced temperature: 0.500
# Run time (s):        1.943291
#=====================================================
# MC step:  Ratio:     Energy:   Order:
#=====================================================
   00000    0.5000   -2598.3815  0.2603 
   00001    0.6852   -3679.1485  0.2641 
   00002    0.6164   -4473.4303  0.2668 
   00003    0.5744   -5086.6791  0.2699 
   00004    0.5572   -5485.3719  0.2800 
   00005    0.5212   -5866.4054  0.2774 
   00006    0.5268   -6138.7824  0.2792 
   00007    0.5008   -6392.0456  0.2794 
   00008    0.4988   -6616.1622  0.2871 
   00009    0.4832   -6807.5960  0.2925 
   00010    0.4868   -6988.8822  0.2892 
   00011    0.4920   -7070.5630  0.2937 
   00012    0.4788   -7138.6870  0.2939 
   00013    0.4744   -7265.0245  0.2936 
   00014    0.4516   -7364.8231  0.2982 
   00015    0.4544   -7401.1749  0.2963 
   00016    0.4600   -7421.5629  0.2926 
   00017    0.4604   -7541.9334  0.2942 
   00018    0.4384   -7570.8647  0.3018 
   00019    0.4380   -7600.6252  0.2992 
   00020    0.4352   -7606.4309  0.2946 
   00021    0.4548   -7686.2754  0.2950 
   00022    0.4632   -7677.2981  0.2952 
   00023    0.4340   -7748.5665  0.2988 
   00024    0.4688   -7734.7436  0.2982 
   00025    0.4508   -7742.6817  0.3019 
   00026    0.4392   -7798.8030  0.3042 
   00027    0.4376   -7858.4732  0.3092 
   00028    0.4148   -7902.2060  0.3156 
   00029    0.4480   -7880.7643  0.3136 
   00030    0.4276   -7917.5235  0.3139 
   00031    0.4344   -7896.8532  0.3152 
   00032    0.4376   -7909.5151  0.3140 
   00033    0.4316   -7960.8869  0.3158 
   00034    0.4424   -8009.6820  0.3109 
   00035    0.4172   -7986.9022  0.3146 
   00036    0.4148   -7982.3985  0.3154 
   00037    0.4304   -7982.9038  0.3165 
   00038    0.4308   -7976.8577  0.3249 
   00039    0.4116   -8034.3775  0.3200 
   00040    0.4448   -8075.7284  0.3231 
   00041    0.4256   -8047.6475  0.3211 
   00042    0.4416   -8013.4500  0.3159 
   00043    0.4440   -8007.4526  0.3146 
   00044    0.4372   -8055.6702  0.3193 
   00045    0.4068   -8102.7296  0.3254 
   00046    0.4272   -8111.9693  0.3270 
   00047    0.4332   -8118.8299  0.3341 
   00048    0.4336   -8134.2318  0.3260 
   00049    0.4228   -8142.0702  0.3284 
   00050    0.4456   -8164.3439  0.3321 
   00051    0.4416   -8170.5439  0.3336 
   00052    0.4160   -8163.5248  0.3331 
   00053    0.4232   -8175.9573  0.3350 
   00054    0.4248   -8113.1715  0.3344 
   00055    0.4308   -8148.2057  0.3354 
   00056    0.4096   -8145.8474  0.3312 
   00057    0.4228   -8206.0386  0.3289 
   00058    0.4268   -8200.7666  0.3338 
   00059    0.4216   -8183.5922  0.3343 
   00060    0.4120   -8230.0458  0.3317 
   00061    0.4296   -8246.0407  0.3293 
   00062    0.4192   -8233.6678  0.3359 
   00063    0.4312   -8261.3226  0.3374 
   00064    0.4168   -8216.4863  0.3351 
   00065    0.4368   -8240.0203  0.3386 
   00066    0.4396   -8229.6963  0.3342 
   00067    0.4300   -8221.6447  0.3353 
   00068    0.4048   -8268.9951  0.3298 
   00069    0.4148   -8224.2958  0.3296 
   00070    0.4160   -8274.1575  0.3359 
   00071    0.4204   -8264.9618  0.3341 
   00072    0.4344   -8222.4826  0.3368 
   00073    0.4088   -8240.8783  0.3376 
   00074    0.4272   -8276.0479  0.3333 
   00075    0.4212   -8286.5798  0.3347 
   00076    0.3936   -8296.7288  0.3360 
   00077    0.4192   -8285.7651  0.3333 
   00078    0.3940   -8235.4124  0.3283 
   00079    0.4164   -8281.3281  0.3293 
   00080    0.3984   -8311.6350  0.3288 
   00081    0.4268   -8284.0786  0.3324 
   00082    0.4196   -8296.2821  0.3353 
   00083    0.4216   -8292.1786  0.3448 
   00084    0.4172   -8269.4553  0.3473 
   00085    0.4112   -8246.9757  0.3516 
   00086    0.4092   -8273.3787  0.3567 
   00087    0.4244   -8280.2974  0.3656 
   00088    0.4196   -8271.3389  0.3636 
   00089    0.4228   -8243.5886  0.3552 
   00090    0.4164   -8296.9016  0.3584 
   00091    0.4372   -8314.7195  0.3587 
   00092    0.4220   -8362.3998  0.3508 
   00093    0.4356   -8330.8246  0.3529 
   00094    0.4208   -8283.4961  0.3523 
   00095    0.4128   -8253.5178  0.3509 
   00096    0.4168   -8255.8798  0.3495 
   00097    0.4220   -8280.9569  0.3445 
   00098    0.4172   -8261.8987  0.3424 
   00099    0.4248   -8228.3754  0.3458 
   00100    0.4368   -8269.6861  0.3435 
   00101    0.4116   -8291.6100  0.3433 
   00102    0.4240   -8231.5331  0.3417 
   00103    0.4040   -8240.8317  0.3405 
   00104    0.4152   -8248.8322  0.3407 
   00105    0.4124   -8291.2755  0.3380 
   00106    0.4168   -8273.6600  0.3426 
   00107    0.4292   -8279.7102  0.3405 
   00108    0.4296   -8280.7893  0.3451 
   00109    0.4164   -8303.1211  0.3455 
   00110    0.4220   -8282.7827  0.3462 
   00111    0.4044   -8292.9716  0.3530 
   00112    0.4180   -8286.0993  0.3525 
   00113    0.4276   -8333.7776  0.3486 
   00114    0.4148   -8262.9362  0.3481 
   00115    0.4116   -8279.7012  0.3532 
   00116    0.4380   -8295.0021  0.3559 
   00117    0.4232   -8312.0120  0.3569 
   00118    0.4176   -8328.8470  0.3603 
   00119    0.4144   -8324.7849  0.3630 
   00120    0.4312   -8282.9394  0.3661 
   00121    0.4240   -8284.1091  0.3762 
   00122    0.4004   -8311.1147  0.3715 
   00123    0.4272   -8279.6140  0.3747 
   00124    0.4220   -8274.1649  0.3718 
   00125    0.3984   -8322.7312  0.3775 
   00126    0.4244   -8312.6688  0.3818 
   00127    0.4128   -8371.0586  0.3796 
   00128    0.4372   -8352.6771  0.3771 
   00129    0.4160   -8356.4969  0.3825 
   00130    0.4220   -8364.5903  0.3818 
   00131    0.4208   -8376.6611  0.3836 
   00132    0.4068   -8366.3141  0.3874 
   00133    0.4328   -8357.5401  0.3952 
   00134    0.4136   -8379.9165  0.4006 
   00135    0.4196   -8338.7109  0.3938 
   00136    0.4048   -8355.7508  0.3934 
   00137    0.3884   -8367.3213  0.3972 
   00138    0.4200   -8401.6528  0.4011 
   00139    0.4264   -8400.0902  0.4060 
   00140    0.4032   -8397.2309  0.4082 
   00141    0.3928   -8375.1842  0.4057 
   00142    0.4100   -8436.2798  0.4093 
   00143    0.4192   -8410.2461  0.4159 
   00144    0.4140   -8428.8418  0.4108 
   00145    0.4368   -8436.1300  0.4126 
   00146    0.3992   -8475.2697  0.4166 
   00147    0.4084   -8492.2620  0.4171 
   00148    0.4052   -8460.8826  0.4223 
   00149    0.4376   -8459.6890  0.4265 
   00150    0.4092   -8472.1832  0.4252 
   00151    0.4228   -8459.3406  0.4226 
   00152    0.4112   -8397.5705  0.4227 
   00153    0.4216   -8400.8400  0.4245 
   00154    0.4056   -8425.5269  0.4294 
   00155    0.4088   -8399.9796  0.4318 
   00156    0.4152   -8427.1449  0.4281 
   00157    0.4080   -8360.1142  0.4320 
   00158    0.4324   -8421.5185  0.4353 
   00159    0.4060   -8414.2561  0.4322 
   00160    0.4148   -8441.3678  0.4408 
   00161    0.4040   -8417.9772  0.4428 
   00162    0.4240   -8354.6672  0.4456 
   00163    0.4220   -8342.1968  0.4444 
   00164    0.4308   -8362.4858  0.4478 
   00165    0.4192   -8386.2135  0.4574 
   00166    0.4120   -8391.7153  0.4609 
   00167    0.4128   -8384.9025  0.4606 
   00168    0.4268   -8395.8212  0.4607 
   00169    0.4304   -8406.9843  0.4629 
   00170    0.4188   -8357.7351  0.4696 
   00171    0.4244   -8398.3061  0.4760 
   00172    0.4100   -8442.5749  0.4752 
   00173    0.4088   -8431.0574  0.4792 
   00174    0.4128   -8433.4969  0.4789 
   00175    0.4012   -8466.1466  0.4806 
   00176    0.3996   -8472.0585  0.4756 
   00177    0.4076   -8447.9373  0.4738 
   00178    0.4104   -8437.7517  0.4702 
   00179    0.4232   -8462.0364  0.4703 
   00180    0.4176   -8442.3174  0.4666 
   00181    0.4152   -8500.2186  0.4649 
   00182    0.4036   -8517.0786  0.4709 
   00183    0.3828   -8500.6550  0.4745 
   00184    0.4240   -8510.3139  0.4624 
   00185    0.4348   -8486.7999  0.4599 
   00186    0.4124   -8503.2355  0.4572 
   00187    0.4192   -8489.6252  0.4544 
   00188    0.4440   -8501.6338  0.4508 
   00189    0.4100   -8481.3252  0.4548 
   00190    0.4136   -8500.0011  0.4446 
   00191    0.4168   -8491.1621  0.4465 
   00192    0.4024   -8446.2152  0.4489 
   00193    0.4120   -8415.8893  0.4527 
   00194    0.4024   -8440.7092  0.4437 
   00195    0.4068   -8438.1108  0.4467 
   00196    0.3988   -8445.7003  0.4527 
   00197    0.4112   -8420.9138  0.4589 
   00198    0.4260   -8426.2857  0.4577 
   00199    0.4180   -8434.1255  0.4622 
   00200    0.4376   -8460.7611  0.4667 
   00201    0.4000   -8424.2705  0.4670 
   00202    0.4196   -8409.3509  0.4667 
   00203    0.4248   -8443.6650  0.4701 
   00204    0.4064   -8437.9400  0.4690 
   00205    0.4192   -8447.5755  0.4709 
   00206    0.4144   -8449.3328  0.4658 
   00207    0.4080   -8458.6104  0.4705 
   00208    0.4180   -8404.9339  0.4709 
   00209    0.4252   -8410.7253  0.4747 
   00210    0.4016   -8418.4245  0.4752 
   00211    0.4192   -8440.5726  0.4742 
   00212    0.4028   -8431.2024  0.4634 
   00213    0.4312   -8415.5266  0.4624 
   00214    0.4160   -8437.7635  0.4656 
   00215    0.4084   -8422.2102  0.4625 
   00216    0.4156   -8449.0331  0.4618 
   00217    0.4136   -8461.0805  0.4558 
   00218    0.4124   -8512.9784  0.4585 
   00219    0.4184   -8489.9976  0.4629 
   00220    0.4396   -8440.6568  0.4597 
   00221    0.4192   -8432.5554  0.4623 
   00222    0.4012   -8420.3123  0.4721 
   00223    0.4252   -8446.6737  0.4684 
   00224    0.4244   -8474.2232  0.4671 
   00225    0.4028   -8450.9312  0.4670 
   00226    0.4368   -8431.8805  0.4659 
   00227    0.4224   -8423.5234  0.4646 
   00228    0.4316   -8457.6798  0.4648 
   00229    0.4240   -8485.4671  0.4739 
   00230    0.4028   -8481.6578  0.4823 
   00231    0.4144   -8466.6871  0.4806 
   00232    0.4004   -8429.9778  0.4937 
   00233    0.4408   -8356.5331  0.4915 
   00234    0.4048   -8367.0706  0.4867 
   00235    0.4228   -8394.7161  0.4859 
   00236    0.4084   -8398.1400  0.4806 
   00237    0.4136   -8395.6195  0.4835 
   00238    0.4072   -8412.8691  0.4896 
   00239    0.4024   -8403.4281  0.4940 
   00240    0.4096   -8402.0004  0.4986 
   00241    0.4180   -8434.0934  0.4955 
   00242    0.4104   -8403.2817  0.4947 
   00243    0.4016   -8390.5588  0.5064 
   00244    0.3996   -8461.2541  0.5088 
   00245    0.4020   -8478.2250  0.5142 
   00246    0.4208   -8411.2243  0.5135 
   00247    0.4128   -8456.0483  0.5098 
   00248    0.4056   -8452.4245  0.5050 
   00249    0.3992   -8456.6027  0.5032 
   00250    0.4308   -8456.5002  0.5056 
