#=====================================================
# File created:        Mon-11-Mar-2024-at-05-22-38PM
# Size of lattice:     250x250
# Number of MC steps:  50
# Reduced temperature: 0.500
# Run time (s):        8.095151
#=====================================================
# MC step:  Ratio:     Energy:   Order:
#=====================================================
   00000    0.5000  -62651.5998  0.2523 
   00001    0.6790  -93121.7755  0.2518 
   00002    0.6200 -112979.6092  0.2533 
   00003    0.5867 -127139.9823  0.2538 
   00004    0.5588 -137857.7748  0.2545 
   00005    0.5387 -146514.0854  0.2538 
   00006    0.5178 -153605.2275  0.2532 
   00007    0.5070 -159473.0894  0.2540 
   00008    0.5008 -164076.4976  0.2543 
   00009    0.4883 -168097.7411  0.2561 
   00010    0.4827 -171548.1201  0.2547 
   00011    0.4780 -174424.8769  0.2553 
   00012    0.4736 -177062.0430  0.2551 
   00013    0.4665 -179671.4761  0.2543 
   00014    0.4642 -181592.4172  0.2537 
   00015    0.4608 -183647.0452  0.2556 
   00016    0.4555 -185338.4738  0.2567 
   00017    0.4571 -186705.3068  0.2573 
   00018    0.4495 -187892.2789  0.2586 
   00019    0.4479 -188922.2626  0.2592 
   00020    0.4462 -189941.2194  0.2619 
   00021    0.4442 -191358.3411  0.2629 
   00022    0.4439 -192556.8454  0.2640 
   00023    0.4460 -193605.0172  0.2624 
   00024    0.4434 -194333.5205  0.2621 
   00025    0.4401 -194823.9808  0.2625 
   00026    0.4393 -195178.5494  0.2630 
   00027    0.4406 -195642.3900  0.2619 
   00028    0.4327 -196183.4762  0.2627 
   00029    0.4358 -196449.1827  0.2631 
   00030    0.4344 -196988.2358  0.2623 
   00031    0.4350 -197426.9888  0.2625 
   00032    0.4330 -198217.3993  0.2618 
   00033    0.4338 -198551.4271  0.2617 
   00034    0.4329 -198907.6238  0.2611 
   00035    0.4380 -199205.7270  0.2602 
   00036    0.4324 -199595.5669  0.2596 
   00037    0.4281 -199876.8945  0.2604 
   00038    0.4307 -200142.6737  0.2599 
   00039    0.4285 -200408.0052  0.2602 
   00040    0.4308 -200782.5383  0.2593 
   00041    0.4264 -201194.3816  0.2587 
   00042    0.4319 -201284.7761  0.2584 
   00043    0.4308 -201350.5413  0.2595 
   00044    0.4300 -201801.1110  0.2590 
   00045    0.4265 -202110.6953  0.2591 
   00046    0.4290 -202315.1274  0.2607 
   00047    0.4274 -202621.7566  0.2606 
   00048    0.4259 -202738.9658  0.2609 
   00049    0.4282 -202720.9279  0.2594 
   00050    0.4222 -202919.9567  0.2581 
