#=====================================================
# File created:        Mon-11-Mar-2024-at-05-21-52PM
# Size of lattice:     200x200
# Number of MC steps:  50
# Reduced temperature: 0.500
# Run time (s):        5.415660
#=====================================================
# MC step:  Ratio:     Energy:   Order:
#=====================================================
   00000    0.5000  -40029.1657  0.2549 
   00001    0.6745  -59408.3779  0.2554 
   00002    0.6234  -72230.3686  0.2533 
   00003    0.5849  -81682.5169  0.2532 
   00004    0.5558  -88444.3077  0.2531 
   00005    0.5343  -93873.5194  0.2531 
   00006    0.5217  -98212.6059  0.2530 
   00007    0.5123 -101951.2238  0.2535 
   00008    0.5000 -104828.4214  0.2536 
   00009    0.4903 -107428.1093  0.2549 
   00010    0.4809 -109680.8929  0.2570 
   00011    0.4766 -111557.0959  0.2570 
   00012    0.4694 -113285.6960  0.2570 
   00013    0.4682 -114766.8904  0.2559 
   00014    0.4632 -116195.9635  0.2553 
   00015    0.4616 -117178.3404  0.2573 
   00016    0.4575 -118486.9286  0.2570 
   00017    0.4540 -119582.6129  0.2589 
   00018    0.4543 -120342.4023  0.2600 
   00019    0.4472 -121150.2412  0.2599 
   00020    0.4459 -121612.8338  0.2602 
   00021    0.4477 -122390.0278  0.2601 
   00022    0.4401 -123050.1091  0.2593 
   00023    0.4459 -123626.5967  0.2599 
   00024    0.4406 -124275.8833  0.2621 
   00025    0.4374 -124549.9490  0.2612 
   00026    0.4406 -125039.1998  0.2611 
   00027    0.4359 -125121.3263  0.2622 
   00028    0.4355 -125499.7656  0.2606 
   00029    0.4333 -125724.4397  0.2607 
   00030    0.4371 -126044.7439  0.2610 
   00031    0.4408 -126340.3648  0.2611 
   00032    0.4346 -126501.1221  0.2605 
   00033    0.4336 -126981.4767  0.2611 
   00034    0.4366 -127505.8968  0.2617 
   00035    0.4323 -127675.1839  0.2631 
   00036    0.4339 -127877.2010  0.2646 
   00037    0.4302 -127964.6522  0.2634 
   00038    0.4292 -128120.9429  0.2640 
   00039    0.4358 -128271.1011  0.2631 
   00040    0.4370 -128338.6771  0.2623 
   00041    0.4334 -128673.8235  0.2632 
   00042    0.4320 -128828.7314  0.2632 
   00043    0.4292 -129082.3273  0.2626 
   00044    0.4301 -129241.1679  0.2628 
   00045    0.4241 -129433.7471  0.2611 
   00046    0.4276 -129547.9864  0.2611 
   00047    0.4244 -129822.1543  0.2621 
   00048    0.4219 -129812.2945  0.2629 
   00049    0.4258 -130082.7957  0.2635 
   00050    0.4257 -130214.2986  0.2619 
