#=====================================================
# File created:        Mon-11-Mar-2024-at-05-21-32PM
# Size of lattice:     200x200
# Number of MC steps:  50
# Reduced temperature: 0.500
# Run time (s):        5.447326
#=====================================================
# MC step:  Ratio:     Energy:   Order:
#=====================================================
   00000    0.5000  -40310.7349  0.2556 
   00001    0.6789  -59641.6111  0.2533 
   00002    0.6229  -72188.6858  0.2540 
   00003    0.5838  -80958.7478  0.2568 
   00004    0.5595  -88024.9903  0.2543 
   00005    0.5347  -93487.8733  0.2550 
   00006    0.5194  -97965.7089  0.2567 
   00007    0.5054 -101626.8461  0.2551 
   00008    0.5016 -104826.6243  0.2555 
   00009    0.4900 -107355.0493  0.2574 
   00010    0.4866 -109887.2157  0.2551 
   00011    0.4733 -111664.1775  0.2563 
   00012    0.4734 -113353.6628  0.2567 
   00013    0.4664 -114882.1536  0.2569 
   00014    0.4679 -116136.5821  0.2566 
   00015    0.4602 -117203.9542  0.2567 
   00016    0.4598 -118388.3678  0.2572 
   00017    0.4527 -119300.5045  0.2589 
   00018    0.4496 -120056.5713  0.2582 
   00019    0.4498 -120992.9303  0.2593 
   00020    0.4475 -121549.4591  0.2603 
   00021    0.4484 -122227.0092  0.2601 
   00022    0.4452 -122832.1665  0.2617 
   00023    0.4442 -123167.2046  0.2612 
   00024    0.4455 -123741.4397  0.2622 
   00025    0.4469 -124265.5983  0.2636 
   00026    0.4365 -124363.6205  0.2633 
   00027    0.4391 -124862.8906  0.2636 
   00028    0.4373 -125337.4364  0.2643 
   00029    0.4404 -125798.1770  0.2652 
   00030    0.4386 -126144.1969  0.2671 
   00031    0.4384 -126360.1890  0.2681 
   00032    0.4340 -126455.7406  0.2699 
   00033    0.4397 -126943.8139  0.2713 
   00034    0.4328 -127118.9526  0.2720 
   00035    0.4309 -127438.6594  0.2708 
   00036    0.4350 -127648.5808  0.2696 
   00037    0.4331 -127847.5009  0.2697 
   00038    0.4315 -128115.6540  0.2703 
   00039    0.4288 -128125.7872  0.2698 
   00040    0.4299 -128301.1615  0.2698 
   00041    0.4315 -128435.5917  0.2691 
   00042    0.4350 -128511.7842  0.2700 
   00043    0.4338 -128710.3403  0.2685 
   00044    0.4283 -128841.5835  0.2690 
   00045    0.4286 -128979.1420  0.2693 
   00046    0.4295 -129151.5515  0.2697 
   00047    0.4254 -129371.9639  0.2701 
   00048    0.4266 -129510.0786  0.2729 
   00049    0.4286 -129575.5458  0.2741 
   00050    0.4278 -129669.9931  0.2749 
