#=====================================================
# File created:        Mon-11-Mar-2024-at-01-28-39PM
# Size of lattice:     50x50
# Number of MC steps:  150
# Reduced temperature: 0.500
# Run time (s):        4.645021
#=====================================================
# MC step:  Ratio:     Energy:   Order:
#=====================================================
   00000    0.5000   -2425.2298  0.2585 
   00001    0.6756   -3623.9531  0.2606 
   00002    0.6240   -4482.2082  0.2667 
   00003    0.6016   -5049.5312  0.2638 
   00004    0.5668   -5464.0220  0.2673 
   00005    0.5396   -5862.3220  0.2637 
   00006    0.5056   -6171.9516  0.2725 
   00007    0.5084   -6402.3928  0.2856 
   00008    0.4928   -6549.4277  0.2949 
   00009    0.5004   -6699.5921  0.3017 
   00010    0.4760   -6815.4287  0.3001 
   00011    0.4840   -6959.5695  0.2983 
   00012    0.4836   -6992.3578  0.3052 
   00013    0.4684   -7029.7372  0.3110 
   00014    0.4684   -7125.8916  0.3174 
   00015    0.4524   -7243.0124  0.3134 
   00016    0.4660   -7268.4972  0.3089 
   00017    0.4720   -7280.0484  0.3139 
   00018    0.4628   -7329.1942  0.3151 
   00019    0.4576   -7357.5394  0.3143 
   00020    0.4492   -7409.0223  0.3162 
   00021    0.4512   -7489.5986  0.3177 
   00022    0.4540   -7547.9444  0.3163 
   00023    0.4528   -7577.5076  0.3110 
   00024    0.4572   -7640.1057  0.3156 
   00025    0.4608   -7690.3737  0.3272 
   00026    0.4428   -7706.0310  0.3237 
   00027    0.4524   -7706.2114  0.3243 
   00028    0.4436   -7780.6009  0.3181 
   00029    0.4236   -7791.5766  0.3198 
   00030    0.4492   -7842.3189  0.3142 
   00031    0.4460   -7856.9666  0.3140 
   00032    0.4448   -7894.8298  0.3184 
   00033    0.4348   -7865.1771  0.3146 
   00034    0.4292   -7851.4505  0.3136 
   00035    0.4480   -7869.2870  0.3159 
   00036    0.4496   -7867.4742  0.3163 
   00037    0.4348   -7845.9066  0.3164 
   00038    0.4120   -7880.2029  0.3195 
   00039    0.4368   -7891.1872  0.3204 
   00040    0.4348   -7909.2141  0.3186 
   00041    0.4384   -7920.3413  0.3178 
   00042    0.4364   -7928.4292  0.3186 
   00043    0.4284   -8005.3149  0.3180 
   00044    0.4268   -7988.9381  0.3199 
   00045    0.4384   -8012.8441  0.3261 
   00046    0.4140   -8033.8047  0.3232 
   00047    0.4228   -7991.6633  0.3282 
   00048    0.4212   -8012.1519  0.3233 
   00049    0.4264   -7994.7341  0.3237 
   00050    0.4288   -8001.9022  0.3234 
   00051    0.4308   -8065.3157  0.3220 
   00052    0.4312   -8042.9556  0.3277 
   00053    0.4164   -8075.0754  0.3298 
   00054    0.4176   -8081.0310  0.3265 
   00055    0.4284   -8009.8356  0.3310 
   00056    0.4288   -8053.7247  0.3368 
   00057    0.4400   -8090.9209  0.3357 
   00058    0.4108   -8116.3284  0.3433 
   00059    0.4188   -8088.4453  0.3484 
   00060    0.4380   -8071.5392  0.3487 
   00061    0.4324   -8088.5558  0.3506 
   00062    0.4208   -8120.7373  0.3561 
   00063    0.4096   -8109.8279  0.3542 
   00064    0.4352   -8139.2176  0.3523 
   00065    0.4320   -8174.9292  0.3600 
   00066    0.4160   -8179.3829  0.3579 
   00067    0.4300   -8219.9729  0.3658 
   00068    0.4232   -8207.1915  0.3733 
   00069    0.4344   -8208.4510  0.3721 
   00070    0.4096   -8215.9850  0.3726 
   00071    0.4076   -8206.4458  0.3751 
   00072    0.4200   -8232.0566  0.3792 
   00073    0.4344   -8233.7378  0.3873 
   00074    0.4192   -8241.9048  0.3855 
   00075    0.4300   -8253.2415  0.3832 
   00076    0.4356   -8245.1617  0.3783 
   00077    0.4188   -8246.7241  0.3824 
   00078    0.4420   -8236.8552  0.3823 
   00079    0.4248   -8251.1795  0.3762 
   00080    0.4232   -8253.8269  0.3775 
   00081    0.4240   -8226.6064  0.3768 
   00082    0.4172   -8252.8333  0.3845 
   00083    0.4240   -8225.9975  0.3880 
   00084    0.4224   -8253.5360  0.3967 
   00085    0.4124   -8232.3037  0.3938 
   00086    0.4232   -8235.3215  0.3943 
   00087    0.3980   -8215.6524  0.3946 
   00088    0.4252   -8172.3002  0.3953 
   00089    0.4284   -8159.2702  0.4016 
   00090    0.4220   -8142.7274  0.4057 
   00091    0.4248   -8214.9143  0.4008 
   00092    0.4268   -8204.1188  0.3968 
   00093    0.4308   -8183.6426  0.3981 
   00094    0.4180   -8190.7569  0.3937 
   00095    0.4312   -8177.4021  0.3900 
   00096    0.4220   -8197.6581  0.3964 
   00097    0.4156   -8210.9294  0.3906 
   00098    0.4312   -8256.0672  0.3929 
   00099    0.4160   -8224.4424  0.3924 
   00100    0.4304   -8231.8894  0.3939 
   00101    0.4120   -8260.2179  0.3993 
   00102    0.4132   -8234.6584  0.3969 
   00103    0.4056   -8255.5661  0.3965 
   00104    0.4272   -8269.1557  0.4036 
   00105    0.4156   -8247.8058  0.4031 
   00106    0.4172   -8245.2955  0.3934 
   00107    0.4156   -8280.9256  0.4023 
   00108    0.4292   -8300.9486  0.3958 
   00109    0.4156   -8318.3472  0.3929 
   00110    0.4148   -8316.4657  0.3945 
   00111    0.4320   -8341.4994  0.3957 
   00112    0.4160   -8342.8811  0.3929 
   00113    0.4192   -8349.0449  0.3905 
   00114    0.4168   -8335.8961  0.3910 
   00115    0.4124   -8340.0484  0.3905 
   00116    0.4244   -8327.1220  0.3978 
   00117    0.4156   -8311.0047  0.4004 
   00118    0.4004   -8273.1837  0.3997 
   00119    0.4192   -8344.2557  0.3894 
   00120    0.4296   -8328.6720  0.3945 
   00121    0.4116   -8305.6543  0.3948 
   00122    0.4268   -8294.0135  0.3949 
   00123    0.4220   -8316.3067  0.3996 
   00124    0.4156   -8326.1665  0.3915 
   00125    0.4432   -8327.9642  0.3905 
   00126    0.4112   -8355.9665  0.3989 
   00127    0.3972   -8319.3707  0.3969 
   00128    0.4180   -8308.9570  0.3917 
   00129    0.4204   -8289.2856  0.3951 
   00130    0.4004   -8291.4375  0.4009 
   00131    0.4232   -8330.3586  0.4033 
   00132    0.4300   -8317.8817  0.4017 
   00133    0.4132   -8301.0947  0.3977 
   00134    0.4156   -8283.6603  0.4029 
   00135    0.4284   -8325.4561  0.3996 
   00136    0.4120   -8322.8294  0.3986 
   00137    0.4256   -8324.8857  0.3968 
   00138    0.4192   -8326.5339  0.3932 
   00139    0.4200   -8345.3225  0.4033 
   00140    0.4220   -8348.8990  0.4106 
   00141    0.3952   -8337.9068  0.4102 
   00142    0.4084   -8343.2534  0.4135 
   00143    0.4332   -8355.7414  0.4076 
   00144    0.4072   -8360.6293  0.4012 
   00145    0.4104   -8303.5892  0.4007 
   00146    0.4108   -8327.9409  0.3996 
   00147    0.4124   -8316.8137  0.4025 
   00148    0.4096   -8290.9292  0.4007 
   00149    0.4256   -8321.2197  0.4048 
   00150    0.4156   -8302.6136  0.4006 
