#=====================================================
# File created:        Mon-11-Mar-2024-at-05-22-06PM
# Size of lattice:     200x200
# Number of MC steps:  50
# Reduced temperature: 0.500
# Run time (s):        5.260250
#=====================================================
# MC step:  Ratio:     Energy:   Order:
#=====================================================
   00000    0.5000  -40212.0921  0.2520 
   00001    0.6774  -59706.3458  0.2555 
   00002    0.6249  -72629.2964  0.2560 
   00003    0.5863  -81610.9741  0.2547 
   00004    0.5555  -88317.8534  0.2549 
   00005    0.5382  -93650.9188  0.2538 
   00006    0.5244  -97979.6605  0.2549 
   00007    0.5131 -101657.1946  0.2546 
   00008    0.4995 -104726.1105  0.2548 
   00009    0.4921 -107350.9869  0.2530 
   00010    0.4802 -109603.3654  0.2543 
   00011    0.4762 -111464.9793  0.2554 
   00012    0.4704 -113258.4518  0.2558 
   00013    0.4643 -114940.7809  0.2580 
   00014    0.4638 -116260.5838  0.2574 
   00015    0.4623 -117358.7413  0.2559 
   00016    0.4563 -118382.7561  0.2567 
   00017    0.4524 -119287.0899  0.2552 
   00018    0.4583 -120083.2008  0.2545 
   00019    0.4522 -120859.4052  0.2531 
   00020    0.4473 -121454.5078  0.2525 
   00021    0.4499 -122150.9363  0.2524 
   00022    0.4468 -122843.1606  0.2528 
   00023    0.4451 -123328.4151  0.2542 
   00024    0.4423 -123687.9650  0.2546 
   00025    0.4413 -124163.6986  0.2540 
   00026    0.4397 -124770.6907  0.2531 
   00027    0.4395 -124927.8881  0.2538 
   00028    0.4376 -125355.5947  0.2546 
   00029    0.4373 -125684.5483  0.2555 
   00030    0.4371 -126277.4540  0.2561 
   00031    0.4324 -126580.0811  0.2567 
   00032    0.4344 -126819.0796  0.2568 
   00033    0.4338 -127058.2325  0.2573 
   00034    0.4288 -127248.1118  0.2585 
   00035    0.4327 -127535.8636  0.2592 
   00036    0.4265 -127733.9995  0.2591 
   00037    0.4345 -127838.3781  0.2594 
   00038    0.4345 -128183.0156  0.2590 
   00039    0.4294 -128413.4191  0.2593 
   00040    0.4316 -128547.6503  0.2594 
   00041    0.4284 -128515.0066  0.2586 
   00042    0.4324 -128773.4924  0.2612 
   00043    0.4269 -128971.3678  0.2611 
   00044    0.4234 -129065.3369  0.2616 
   00045    0.4241 -129379.7870  0.2618 
   00046    0.4259 -129333.3270  0.2637 
   00047    0.4252 -129534.7028  0.2640 
   00048    0.4307 -129632.2792  0.2651 
   00049    0.4245 -129665.3807  0.2650 
   00050    0.4271 -129951.1868  0.2644 
