#=====================================================
# File created:        Sat-09-Mar-2024-at-05-25-59PM
# Size of lattice:     500x500
# Number of MC steps:  50
# Reduced temperature: 0.500
# Run time (s):        89.069638
#=====================================================
# MC step:  Ratio:     Energy:   Order:
#=====================================================
   00000    0.5000 -248984.9473  0.2515 
   00001    0.6819 -371175.4950  0.2512 
   00002    0.6247 -449745.9408  0.2509 
   00003    0.5869 -506876.3370  0.2518 
   00004    0.5582 -550369.5975  0.2530 
   00005    0.5375 -584554.0156  0.2543 
   00006    0.5219 -612897.7804  0.2546 
   00007    0.5083 -635183.3340  0.2548 
   00008    0.5000 -654976.2339  0.2555 
   00009    0.4904 -671214.0459  0.2551 
   00010    0.4823 -685176.5220  0.2552 
   00011    0.4764 -697125.8255  0.2554 
   00012    0.4724 -708496.4531  0.2552 
   00013    0.4666 -717781.1563  0.2551 
   00014    0.4627 -726100.0619  0.2548 
   00015    0.4605 -733444.8297  0.2551 
   00016    0.4587 -739899.9893  0.2545 
   00017    0.4544 -745942.9934  0.2543 
   00018    0.4523 -751263.4201  0.2542 
   00019    0.4505 -756621.3789  0.2541 
   00020    0.4469 -761072.6351  0.2548 
   00021    0.4434 -764892.8485  0.2555 
   00022    0.4437 -768514.2116  0.2557 
   00023    0.4418 -771851.8528  0.2557 
   00024    0.4408 -774368.4486  0.2555 
   00025    0.4410 -777481.1178  0.2555 
   00026    0.4385 -779782.9769  0.2558 
   00027    0.4388 -781946.3369  0.2559 
   00028    0.4376 -784450.2613  0.2560 
   00029    0.4370 -786495.5333  0.2552 
   00030    0.4356 -788738.1596  0.2553 
   00031    0.4351 -790598.1163  0.2553 
   00032    0.4346 -791789.1452  0.2560 
   00033    0.4321 -793020.6184  0.2562 
   00034    0.4334 -794796.8681  0.2565 
   00035    0.4342 -796536.8984  0.2570 
   00036    0.4325 -798152.5391  0.2571 
   00037    0.4309 -798964.8378  0.2566 
   00038    0.4325 -800079.4303  0.2562 
   00039    0.4282 -801738.1086  0.2564 
   00040    0.4302 -802702.3510  0.2574 
   00041    0.4305 -803695.1213  0.2575 
   00042    0.4300 -804096.7105  0.2569 
   00043    0.4291 -805226.3393  0.2568 
   00044    0.4292 -806103.7808  0.2574 
   00045    0.4294 -807358.8029  0.2570 
   00046    0.4284 -807969.6202  0.2570 
   00047    0.4272 -808947.0719  0.2569 
   00048    0.4273 -809919.3471  0.2569 
   00049    0.4272 -810334.3394  0.2569 
   00050    0.4278 -810684.0718  0.2573 
