#=====================================================
# File created:        Sat-09-Mar-2024-at-05-23-46PM
# Size of lattice:     250x250
# Number of MC steps:  50
# Reduced temperature: 0.500
# Run time (s):        21.722947
#=====================================================
# MC step:  Ratio:     Energy:   Order:
#=====================================================
   00000    0.5000  -62686.6932  0.2543 
   00001    0.6819  -92917.7343  0.2536 
   00002    0.6229 -112995.7878  0.2555 
   00003    0.5817 -126932.3633  0.2549 
   00004    0.5556 -137682.1348  0.2553 
   00005    0.5372 -146179.9163  0.2561 
   00006    0.5187 -153130.6909  0.2576 
   00007    0.5112 -158636.5628  0.2591 
   00008    0.4962 -163306.5491  0.2608 
   00009    0.4895 -167317.0693  0.2607 
   00010    0.4813 -170858.1834  0.2624 
   00011    0.4783 -173959.8108  0.2628 
   00012    0.4714 -176750.1167  0.2633 
   00013    0.4668 -179109.8722  0.2646 
   00014    0.4636 -181331.3856  0.2649 
   00015    0.4593 -183197.7921  0.2653 
   00016    0.4561 -184908.2311  0.2662 
   00017    0.4568 -186497.2135  0.2671 
   00018    0.4506 -187660.7589  0.2664 
   00019    0.4508 -188986.0906  0.2676 
   00020    0.4458 -190031.4470  0.2682 
   00021    0.4473 -190991.3465  0.2688 
   00022    0.4468 -191633.2193  0.2694 
   00023    0.4423 -192480.2108  0.2687 
   00024    0.4356 -193368.8298  0.2700 
   00025    0.4409 -194222.5456  0.2700 
   00026    0.4377 -194905.4533  0.2705 
   00027    0.4404 -195397.5313  0.2714 
   00028    0.4372 -195803.5211  0.2704 
   00029    0.4386 -196498.0955  0.2708 
   00030    0.4359 -196959.8908  0.2715 
   00031    0.4330 -197257.1147  0.2712 
   00032    0.4355 -197877.0619  0.2721 
   00033    0.4334 -198475.1068  0.2718 
   00034    0.4319 -198746.5570  0.2719 
   00035    0.4320 -198843.4204  0.2713 
   00036    0.4342 -199117.6284  0.2720 
   00037    0.4324 -199422.2765  0.2719 
   00038    0.4321 -199810.3240  0.2721 
   00039    0.4291 -200296.3051  0.2724 
   00040    0.4315 -200404.8407  0.2736 
   00041    0.4244 -201031.3180  0.2727 
   00042    0.4312 -201221.5439  0.2734 
   00043    0.4281 -201428.7388  0.2741 
   00044    0.4267 -201756.3780  0.2730 
   00045    0.4299 -201813.7948  0.2726 
   00046    0.4277 -202162.5018  0.2726 
   00047    0.4278 -202134.7974  0.2728 
   00048    0.4250 -202449.3401  0.2745 
   00049    0.4267 -202832.4242  0.2742 
   00050    0.4283 -202776.6123  0.2738 
