#=====================================================
# File created:        Sat-09-Mar-2024-at-05-41-47PM
# Size of lattice:     200x200
# Number of MC steps:  50
# Reduced temperature: 0.500
# Run time (s):        13.772289
#=====================================================
# MC step:  Ratio:     Energy:   Order:
#=====================================================
   00000    0.5000  -39824.5420  0.2568 
   00001    0.6800  -59227.7982  0.2598 
   00002    0.6230  -71780.5195  0.2589 
   00003    0.5846  -80949.5437  0.2603 
   00004    0.5591  -87810.0103  0.2571 
   00005    0.5369  -93224.2348  0.2564 
   00006    0.5270  -98062.2908  0.2575 
   00007    0.5074 -101880.3597  0.2596 
   00008    0.4989 -104975.1760  0.2607 
   00009    0.4882 -107468.0103  0.2628 
   00010    0.4769 -109531.1359  0.2653 
   00011    0.4788 -111456.0525  0.2643 
   00012    0.4745 -113235.2264  0.2661 
   00013    0.4705 -114672.0474  0.2666 
   00014    0.4661 -115883.1861  0.2667 
   00015    0.4609 -117104.3799  0.2683 
   00016    0.4581 -118228.0221  0.2691 
   00017    0.4520 -119078.9552  0.2680 
   00018    0.4519 -119852.6197  0.2680 
   00019    0.4497 -120563.6443  0.2684 
   00020    0.4493 -121436.3136  0.2691 
   00021    0.4454 -121950.1350  0.2692 
   00022    0.4471 -122575.8917  0.2685 
   00023    0.4440 -123058.8283  0.2664 
   00024    0.4399 -123617.6993  0.2661 
   00025    0.4397 -124210.4539  0.2670 
   00026    0.4320 -124680.2643  0.2673 
   00027    0.4422 -124973.1063  0.2674 
   00028    0.4422 -125335.0377  0.2692 
   00029    0.4348 -125502.4110  0.2695 
   00030    0.4351 -125938.1723  0.2711 
   00031    0.4316 -126417.2325  0.2714 
   00032    0.4312 -126798.4811  0.2715 
   00033    0.4333 -127163.1940  0.2719 
   00034    0.4347 -127321.3588  0.2719 
   00035    0.4394 -127737.2990  0.2725 
   00036    0.4339 -128154.7122  0.2734 
   00037    0.4347 -128267.6641  0.2736 
   00038    0.4252 -128599.9848  0.2734 
   00039    0.4282 -128742.6175  0.2731 
   00040    0.4303 -128833.0308  0.2748 
   00041    0.4300 -128902.8833  0.2754 
   00042    0.4293 -129109.4978  0.2753 
   00043    0.4255 -129354.7329  0.2756 
   00044    0.4267 -129532.5280  0.2761 
   00045    0.4305 -129457.6660  0.2766 
   00046    0.4273 -129716.6447  0.2778 
   00047    0.4309 -129926.0934  0.2775 
   00048    0.4266 -130037.4817  0.2778 
   00049    0.4225 -130139.2526  0.2762 
   00050    0.4240 -130194.9279  0.2759 
