#=====================================================
# File created:        Sat-09-Mar-2024-at-06-06-53PM
# Size of lattice:     250x250
# Number of MC steps:  50
# Reduced temperature: 0.500
# Run time (s):        0.947764
#=====================================================
# MC step:  Ratio:     Energy:   Order:
#=====================================================
   00000    0.5000  -62672.0352  0.2531 
   00001    0.6758  -93072.6641  0.2524 
   00002    0.6242 -112981.4219  0.2564 
   00003    0.5802 -127041.8828  0.2586 
   00004    0.5578 -137647.4531  0.2598 
   00005    0.5374 -146151.7344  0.2605 
   00006    0.5232 -153199.6875  0.2607 
   00007    0.5083 -158963.5000  0.2601 
   00008    0.4996 -163665.0781  0.2613 
   00009    0.4920 -168005.4219  0.2615 
   00010    0.4806 -171417.8906  0.2620 
   00011    0.4777 -174423.7188  0.2603 
   00012    0.4696 -177263.0156  0.2588 
   00013    0.4646 -179395.9062  0.2594 
   00014    0.4655 -181451.4688  0.2599 
   00015    0.4572 -183441.9219  0.2615 
   00016    0.4547 -185011.7188  0.2620 
   00017    0.4537 -186358.9844  0.2625 
   00018    0.4527 -187536.0938  0.2636 
   00019    0.4516 -188849.3438  0.2626 
   00020    0.4428 -190014.6719  0.2657 
   00021    0.4481 -190885.6875  0.2652 
   00022    0.4460 -191858.9375  0.2653 
   00023    0.4435 -192651.8594  0.2659 
   00024    0.4420 -193385.7031  0.2670 
   00025    0.4389 -194083.7656  0.2667 
   00026    0.4391 -194902.8750  0.2659 
   00027    0.4392 -195507.7656  0.2665 
   00028    0.4344 -196322.0469  0.2684 
   00029    0.4379 -196817.7344  0.2686 
   00030    0.4343 -197230.8281  0.2691 
   00031    0.4341 -197590.3438  0.2691 
   00032    0.4312 -197941.0938  0.2696 
   00033    0.4340 -198496.1562  0.2702 
   00034    0.4342 -199042.6562  0.2713 
   00035    0.4317 -199462.5938  0.2695 
   00036    0.4313 -199839.4219  0.2702 
   00037    0.4304 -200112.9844  0.2705 
   00038    0.4277 -200335.7031  0.2712 
   00039    0.4264 -200715.2188  0.2719 
   00040    0.4295 -200970.6406  0.2735 
   00041    0.4308 -201021.6406  0.2748 
   00042    0.4288 -201322.6406  0.2762 
   00043    0.4270 -201754.0938  0.2750 
   00044    0.4302 -201907.2500  0.2741 
   00045    0.4268 -202153.2188  0.2752 
   00046    0.4279 -202125.3750  0.2748 
   00047    0.4266 -202451.7500  0.2756 
   00048    0.4280 -202726.7500  0.2759 
   00049    0.4261 -203088.0000  0.2755 
   00050    0.4252 -203275.2031  0.2753 
