#=====================================================
# File created:        Mon-11-Mar-2024-at-05-21-59PM
# Size of lattice:     200x200
# Number of MC steps:  50
# Reduced temperature: 0.500
# Run time (s):        5.608521
#=====================================================
# MC step:  Ratio:     Energy:   Order:
#=====================================================
   00000    0.5000  -40207.9103  0.2543 
   00001    0.6811  -59185.6449  0.2565 
   00002    0.6232  -71702.4406  0.2591 
   00003    0.5839  -81092.4543  0.2595 
   00004    0.5599  -88118.3194  0.2579 
   00005    0.5416  -93648.3932  0.2593 
   00006    0.5194  -97901.1530  0.2599 
   00007    0.5112 -101662.9595  0.2592 
   00008    0.4958 -104586.7131  0.2582 
   00009    0.4908 -107075.2500  0.2581 
   00010    0.4821 -109234.8888  0.2589 
   00011    0.4778 -111218.6473  0.2557 
   00012    0.4735 -112905.6131  0.2565 
   00013    0.4656 -114695.8090  0.2577 
   00014    0.4618 -116145.5896  0.2571 
   00015    0.4595 -117597.8648  0.2579 
   00016    0.4547 -118623.2266  0.2564 
   00017    0.4537 -119482.7094  0.2592 
   00018    0.4524 -120537.0901  0.2587 
   00019    0.4505 -121310.2830  0.2580 
   00020    0.4473 -122075.3002  0.2574 
   00021    0.4405 -122922.7610  0.2589 
   00022    0.4510 -123382.0556  0.2582 
   00023    0.4415 -123743.6688  0.2590 
   00024    0.4399 -124002.2027  0.2604 
   00025    0.4385 -124447.6196  0.2607 
   00026    0.4400 -124804.7599  0.2621 
   00027    0.4427 -125293.8157  0.2602 
   00028    0.4343 -125714.5652  0.2593 
   00029    0.4376 -125931.4442  0.2583 
   00030    0.4310 -126337.1645  0.2593 
   00031    0.4355 -126647.4477  0.2604 
   00032    0.4375 -126953.1871  0.2615 
   00033    0.4340 -127193.2293  0.2613 
   00034    0.4310 -127435.5023  0.2620 
   00035    0.4291 -127780.4390  0.2629 
   00036    0.4340 -128012.3639  0.2643 
   00037    0.4295 -128248.4702  0.2629 
   00038    0.4267 -128462.2801  0.2632 
   00039    0.4320 -128618.9187  0.2640 
   00040    0.4284 -128796.0312  0.2659 
   00041    0.4288 -128746.5952  0.2673 
   00042    0.4314 -128955.8118  0.2665 
   00043    0.4283 -129080.1278  0.2653 
   00044    0.4284 -129157.9774  0.2659 
   00045    0.4282 -129372.8385  0.2652 
   00046    0.4283 -129472.6718  0.2656 
   00047    0.4256 -129511.5913  0.2678 
   00048    0.4275 -129599.7532  0.2682 
   00049    0.4285 -129892.4508  0.2689 
   00050    0.4240 -130100.7902  0.2687 
